02111645000013
04211640000077
07111745000061
06111640000078
02311540000097
04111540000042
02511740000039
05211740000138
07111440000030
04411640000001
06111640000022
01111540000024
02411840000037
08111540000012
10311700000068
08111540000112
10111700000030
08211540000098
06211745000023
04211746000029
09111840000019
04111440000005
10511700000028
04111540000017
10411700000010
02211740000099
09111540000098
08511840000041
07311840000063
08311540000002
08311440000040
02111740000115
08211540000058
07211740000033
10511500000036
08211740000044
02511740000110
04111740000049
02411840000043
03111640000032
10311500000102
01311840000021
02311840000039
06211740000096
04311640000064
08411540000021
10311500000089
07211640000002
08411840000008
02311740000019
05211540000047
10611700000067
07211840000048
02511540000020
08311740000089
06111440000099
10411700000022
05111740000097
05111840000005
05111340000185
04111740000059
08311840000045
04311840000071
02311745000010
03211740000069
04411440000046
06211740000019
01311740000008
10111700000103
02411540000115
06211840000082
07211840000014
05111440000095
10311700000033
01211540000016
08311540000038
01111340000083
10311700000081
08111540000072
05111740000131
10511700000075
03311640000098
01311740000020
02311640000036
02111840000038
03111840000155
02311840000012
05211840000036
08311640000061
02311745000045
04211540000028
02111740000078
10611800000073
08111540000046
08311540000115
08111740000090
10411600000103
04311540000010
08311640000065
03311540000039
03111640000109
02111840000076
02211740000035
08311340000087
05111840000021
07111440000203
01211640000079
02411740007007
07211740000028
02111640000025
05111740000010
10211700000066
02311540000031
10311500000011
02311540000020
07111840000191
01311540000038
02311740000097
06111440000078
10111800000018
02411640000166
04211740000044
10111700000034
08311340000089
02311740000053
03411540000019
05111840000061
05111540000175
02111840000144
02411640000092
01111540000019
01111340000073
04211640000032
02411640000058
09111840000026
10511600000087
06111640000033
07211340000015
04211741000001
04211540000012
01311740000059
03111640000127
10611700000076
08211740000048
04211740000038
05111840000125
02511740007001
04211740000029
02511640000148
03111740000140
02111540000121
02111340000024
04211746000011
08111840000084
10611700000042
04211540000063
10411800000006
02311840000096
10411700000036
10411800000052
08311840000014
02411840000042
01311740000041
04311640000021
08311740000036
10611600000079
01111840000032
04111840000011
04111540000034
10211800000063
04211746000014
09111640000124
06211840000023
03311740000045
01111840000106
01111540000032
10111600000064
05111740000075
10611700000096
03111540000116
07111645000009
02111640000028
02111540000129
10211500000028
10111810000062
02311740000021
03111840000033
07111840000159
02111640000158
02411540000117
07111740000009
10111610000041
04411740000045
04311740000104
09111840000024
01311540000021
04311740000066
10411600000016
10211700010009
04411540000034
06211440000068
08111840000049
04211746000020
05111540000152
07111740000133
02111645000046
04311540000142
06111640000073
02111240000124
08411740000001
07311840000038
02411740000117
10611800000005
04211541000046
08111540000016
01311540000076
04211745000003
02211540000069
10411600000026
10311700000112
08311340000171
10511700000089
07211840000027
08311540000096
08311740000061
09111540000029
02311840000091
10511600000054
08111740000003
02211740000078
08311540000053
04311640000101
09111840000101
07211740000038
07111740000034
08311840000013
08111540000048
02511640000002
06111740000085
03111440000041
08411540000055
05111740000067
04111840000044
10611800000080
02311540000046
05111840000131
02311540000018
07111840000048
02411840000055
10511600000088
08311440000037
04111240000060
08311440000047
04211745000020
04211840000087
07211440000046
03411640000017
02511740000101
02511640000122
10111710000060
10411800000027
10311800010035
08311540000139
01311540000079
02411540007005
02511540000013
02311640000058
03111840000041
02211540000067
02411840000148
02311640000024
05111640000168
04111840000050
04211741000032
08311640000025
03211440000097
04211540000068
10311700010017
02411540000047
10111610000050
02211540000119
07111740000125
04111740000032
10311500000045
03311540000057
04211745000015
10111810000006
04211640007001
07211540000044
02411740000172
01111340000094
01111840000093
08311540000098
07111740000019
08311840000052
10511700000076
08311640000014
08311740000053
02511840000005
03411640000015
02311740000093
07311840000040
02411640000138
02311840000019
10311500000093
03211640000100
10411700000040
02111840000188
10111800000035
04111640000071
05211440000190
03411640000035
03211840000053
10511600000069
08411640000061
03211840000047
02411640000089
04311540000109
03411740000040
07111540000008
02511840000030
08311440000129
07111440000155
08211640000056
07111840000137
03311640000046
03111640000051
02111540000101
07211740000014
10411700000011
07111440000002
03111540000075
01111840000022
10511600000083
04211541000012
02311640000078
08311440000023
08411740000037
04411840000001
03311840000092
08211640000036
02111740000148
07311840000034
04111540000072
02311745000040
09111540000046
03211540000080
07111745000069
08411840000024
04211841000043
01211740000064
02411540000105
04111640000049
06111840000008
08311640000006
10211500000049
08311740000033
10311600000103
10611700000120
08111840000034
02311640000041
02411740000063
02111240000138
07111840000105
02311840000046
02111640000139
08311640000044
02511540000055
04211840000104
01111740000019
10111815000044
06211740000084
01311840000001
04211640000084
07211640000011
05111840000103
07111840000209
01211540000095
08311340000093
01311640000081
08311440000078
07111840000186
08411740000045
04211840000066
09111840000090
10311700010005
06211840000073
08211640000025
10611700000032
10311700000094
08211540000032
08111840000003
08411840000022
01311540000025
02411240000072
02111540000163
05111540000025
02111640000098
04111440000062
02111840000059
03111745000026
01111640000078
02511740000007
02311640000128
06111540000015
07211440000013
04111240000054
01311740000065
10311800000021
08311740000113
04111840000072
05211840000004
04211840000038
02411640000049
02411840000081
03111440000047
04411640000002
05111340000070
02111440000177
03111440000057
04111740000028
10211800010013
08411640000043
05111540007003
10111500000139
10411800000041
03111640000053
04211840000036
05111440000136
10511700000059
02511140000134
05111540000141
06211840000070
08111540000005
05111540000103
04111440000058
02111840000114
10211700010008
05111640000155
05111840000161
05111740000049
10111710000036
10111810000012
08311340000033
04211740000051
03111840000021
02111640000088
10111710000055
10111815000047
05211240000091
02511740000048
09111640000037
03111540000093
02211740000101
02111340000112
03311840000080
03411640000034
10211700000097
10111710000073
05211740000084
05211840000019
06211540000012
02311640000071
04211840000040
10211600000081
06311840000033
03111640000094
04111640000055
04111740000078
06211840000029
07211840000026
08311840000017
02311840000083
09111640000057
10211800000073
02411640000209
09111540000032
10511800000012
08311240000066
02311540000054
04111540000046
02511840000041
09111640000053
02111740000074
02111340000023
10211700010012
02111740000018
02511540000034
09111640000097
04411840000043
03111840000112
03111640000141
06211840000081
01211840000102
09111540000089
02311745000054
04111840000035
02311440000059
02311640000113
01211740000089
10211600010030
08211840000003
04111840000081
02311740000123
06311840000009
04211646000014
04111840000027
05111540000001
09111640000110
05111740000108
09111740000069
04411840000039
06211740000095
03111640000048
10111700000015
03111540000067
03111840000056
02111640000159
04111540000004
05111740000191
03111540000031
07111440000095
03111640000024
06211840007005
05211540000101
03111740000153
02411740000147
04111640000092
03111540000014
09111740000097
02411440000101
05111840000150
10211600010015
02311740000040
02111740000024
10111600000097
05211840000141
02111540000067
08311840000066
07111745000070
04411440000028
10111710000029
06211540000112
10611800000077
05211840000090
05111640000042
08211440000069
10511700000085
08411540000006
02311140000023
02411840000025
09111640000098
08411540000024
02511540000074
10411800000081
10111510000041
03111545000034
02111640000214
03111745000028
09111740000044
10511700000003
03111640000114
02211745000003
02111740000150
05111540000027
08311540000071
06211540000095
08411640000040
02111540000060
08311440000012
10411600000062
03311540000037
03111540000011
10111710000033
02411640000122
02211840000072
09111740000114
02111840000172
02111840000023
02211640000116
10111710000061
03411540000031
10611800000064
06311840000042
04111540000028
02111440000161
04211646000007
02211646000018
02111340000159
10211700000095
05111740000166
05111740000165
03111740000044
10511600000079
04111740000002
05211840000102
09111540000069
10511800000033
02411740000035
03111840000092
04111240000050
05211440000007
05111540007002
09111540000026
04411740000032
02211740000059
03111540000069
02211540000097
08111540000020
10511700000090
02311840000125
02511340000134
09111840000075
03111745000041
05111540000138
03111840000147
02311540000094
03411640000067
02111640000052
05211740000064
04111540000061
03111840000087
05111640000185
06211740000058
05211640000067
08311140000074
09111840000113
04211840000090
10411500000075
10111600000093
08211540000104
04211740000072
08311140000160
04111340000035
05111840000015
05111540000063
04211641000031
05111740000164
09111840000028
04211440000087
03111440000044
02411640000011
02411740007004
02411840000051
09111540000055
02411840000137
06211540000071
10511600000081
05211840000089
04111540000005
10111510000024
04111240000083
02111640000043
09111840000126
01211740000005
03111740000090
10211700000035
04211840000068
02511540000111
04411840000030
04111540000015
07211740000025
04111740000001
08111840000055
07111645000003
02511640000104
04311840000109
09111740000014
04411540000002
05111540000057
02411740000135
05111640000088
09111540000065
10111510000095
05111240000075
04411840000017
02311640000099
03111540000054
10111510000104
04111540000067
08311640000028
05211440000076
05211740000071
04211540000075
05111640000015
05111740000171
09111740000070
10111510000103
10111510000003
10611300000053
08411840000023
08311440000041
10211700000110
10511500000035
09111540000024
09111540000021
02311740000047
09111840007001
09111540000053
02411640000140
02111840000006
04211840000020
10111710000083
09111840000142
09111640000105
09111640000032
02111340000078
04311540000088
08211840000022
02511640000095
04211540000050
08211840000099
04111540000029
03111440000021
02311640000025
10111510000029
10211700000113
05111840000157
06211540000017
07211540000016
04111440000060
04411440000021
02511840000021
06211640000124
05211840000030
03111840000082
08311540000085
03411740007002
02111840000101
04211745000010
10511700000002
02411740000019
04311540000009
02411840000083
05111640000157
05111540000065
09111640000026
08411640000008
09111640000087
06311840000037
02111740000186
05111540000075
10211700000067
02411840007003
02311840000103
10111710000068
02511540000023
04311640000134
08211540000099
05111540000133
10111700000022
05111540000031
10511800000017
04311840000040
02511540000029
05211740000132
10111510000020
04211240000120
02111840000089
09111740000092
02411740000008
05111740000180
08211540000017
04111840000069
09111540000075
10111710000003
02511740000103
09111740000106
02311745000048
09111640000076
05211640000017
02411740000069
04111540000041
05111740000170
10111810000046
05211740000136
09111740000087
10211700010041
09111840000119
02111840000182
02111740000161
03111540000105
05111740000059
03111745000048
05111740000063
08211640000001
05111540000113
02111440000074
04411540000011
02211740000108
05111540000020
05111740000137
02111640000178
02111440000087
10411600000037
02311740000078
10511700000081
02411840000162
10111715000020
05111740000128
08411740000024
04211340000046
02311740000121
02111840000022
09111840000046
10411700000107
09111840000128
08411740000002
03111740000146
04111140000094
05211640000148
08311740000022
02411740007009
04111540000074
02311840000066
05111740000147
08111540000086
08311440000046
10411800000073
04211540000024
08411840000010
02311540000017
02411640000008
04111140000019
08211840000053
02111840000088
03111740000065
10111710000084
02511740000008
02411740000150
05211740000020
01211840000002
10611700000007
07111745000036
10511800000032
04411840000034
04211641000048
02411840000138
02111740000019
08311440000016
09111840000102
02311540000056
08411340000015
10511700000080
05111840000025
10111700000014
09111640000005
05111540000032
02211840000095
04211640000100
06311840000029
04211640000044
04211841000029
04111640000017
03111745000008
05111740000114
05111640000070
02411740000020
03111540000001
02411740000184
10411700000018
09111840000096
05111740000036
08311540000092
03311840000020
05111840000070
07211840000008
07211440000026
04211740000045
09111540000011
03111840000001
10211700000006
06211540000078
10411800000022
08111840000069
05111840000076
03411840000003
04211740000061
10411600000087
08211840000051
10511700000005
03111140000025
02511840000094
08411640000007
04211540000022
02311540000103
08311440000069
08211740000007
05111540000067
03111840000083
06211840000009
03111440007003
10411800000047
02311640000147
02211740000058
10511800000008
02511540000003
03111745000021
04211746000001
10111710000065
04211641000025
02411840000121
08211540000082
08111840000091
05111840000047
03111740000095
08211640000105
03411840000030
10211500000015
10611700000097
02111740000137
03411740000050
04111640000095
02411740000161
06211540000042
03111840000022
10411600000113
04211540000029
09111840000079
04211340000003
09111540000082
05111640000035
02411740000013
04111240000066
05211640000021
08311740000101
02211840000142
02411840000068
02511840000022
03111740000091
02411540000104
05111840000068
09111840000103
02311640000130
02411340000178
02511540000087
06211745000032
05211740000139
03111740000097
09111740000006
02311640000038
03111540000151
02111340000065
08311540000105
04211240000057
04311440000063
03111540000136
03111740000026
10511700000051
04411740000013
04211740000040
04111540000059
09111540000010
02411840000189
05211740007005
04211840000064
09111840000110
02411540000007
10511600000030
09111840000082
10211500010047
04211440000113
08311740000114
10211800000058
08411640000068
03111640000077
04111640000041
02111640000029
04111440000022
04111840000091
09111640000019
02311840000057
07211840000074
06311840000046
10511700000041
02311640000080
05111840000112
02411740000138
01211540000004
09111740000101
02411640007002
04211540000083
03111740000125
03111540000012
08311440000098
04211741000010
10111710000047
09111740000038
02411840000135
09111740000083
02111340000194
02111840000169
02211840000087
10111510000059
05111640000169
03311640000100
05111640000150
08211640000074
07211340000043
02411540000107
08411540000039
04211640000059
10111700000046
01211540000105
02411540000020
09111540000091
05111640000047
04211540000032
09111640000059
09111640000042
01211740000076
10411600000052
01211540000030
02511840000023
02211540000116
09111740000095
03111640000139
03111840000118
03111340000018
04111740007005
09111840000125
02111540000035
04211740000035
02311840000086
10111815000037
04211740000008
02111740000109
05211840000021
04411740000043
04111540000087
02411240000064
07111740000077
09111740000113
03111540000095
04211641000037
10511800000023
03111840000126
10511800000002
06211840000101
04211840000067
02511540000011
04111440000071
10111815000061
05211540000117
08311140000085
05111640000069
04111640000045
10211600000109
02511540000008
05111640000022
02411640000101
05211640000045
04311740000077
08111540000008
04411740000016
02511540000053
02411840000078
06211240000025
02511640000039
02111540000033
09111640000012
09111740000015
03111540000082
10511500000070
03111440000068
04311740000065
05211540000064
02511640000005
02411540000070
04411540000006
07111745000074
10211800000017
09111740000011
03111540000101
10411600000041
10111810000065
04311840000064
02111540000016
10111810000070
10211800010007
06211740000010
06211540000007
05211740000135
04111440000014
02211740000019
05111540000156
02111440000039
05111840000141
05111540000165
10111610000036
09111840000048
08311540000019
03111840000149
03111640000131
10411700000019
02111840000094
09111740000115
04111840000006
08311440000029
07111745000003
03111740000064
08311740000006
10511800000076
05111440000074
09111640000113
02411740000074
05111540000003
08211840000019
10111815000053
05111540000074
04111540000076
02111840000050
04211440000069
05211840000020
05111340000071
02511340000061
02311640000161
05111640000039
04211841000042
02211840000001
04211840000016
05211840000095
02411840000118
10611700000105
06211540007003
10511600000034
09111640000007
09111840000034
05111740000025
09111740000034
06211740007001
02411440000072
08311440000061
04211745000035
08411440000058
05211840000148
04111640000040
04211745000025
05111640000133
10511700000057
10511600000013
02411740000162
05111740000181
08211840000035
02511740000013
02111440000016
06211540000105
02511640000052
02111740000190
08311340000145
10511800000056
09111640000068
02111840000074
02111740000053
02411840000053
02411640000116
05111640000004
02111640000151
04111640000096
02111440000059
05211640000018
06311840000060
02311745000050
08311740000057
09111640000101
03111540000119
04111740000014
06211540000115
09111540000095
10411800000078
02511740000073
10611700000016
02511840000134
08111740000089
06211540000094
03111340000099
02111740000049
03411640000061
09111640000065
10111710000054
05211540000065
08311340000137
04211840000022
02311740000099
08211840000028
02111640000070
08111740000068
03111840000049
03111540000122
10111815000040
05111540000036
09111540000056
04211840000085
05111440000015
08411640000044
02511840000049
08211840000004
04411540000019
09111540000063
05211840000133
06211840000037
04111740000034
04211540000004
05111840000096
01211040000040
10111610000089
10211800010028
02411640000048
02511840000064
05111640000081
02111640000012
04111740000044
07111640000032
05111840007007
04411540000051
05111640000079
03111440000088
03111740000106
05211540000134
04111740000040
09111540000003
02311745000009
02111840000081
02311540000063
09111540000025
08211740000002
02311840000095
02511640000112
02411840000128
04111740000009
02211840000101
03111840000088
02111640000189
08411440000039
02111540000162
09111840000072
02511640000141
05111740000080
04211840000092
09111740000062
03111840000090
04411840000014
07211540000015
03111740000134
02411740000174
02311840000080
03111640000044
08311840000023
03111540000106
04211741000024
10511700000009
02311740000025
02311840000031
02411640000100
04411840007001
08211540000076
03111745000006
10611700000023
02411740000160
04211540000066
04111740000085
04111440000069
08311440000080
05111640000177
05111840000073
04211745000031
04311840000032
02111740000030
08411640000049
04111840000085
01211840000053
06211540000018
09111840000150
04211646000016
04111540000022
08311440000099
09111540000013
08311440000075
03111840000011
10411700000041
02411540000085
09111840000058
02111840000039
03111745000020
03111745000009
04211745000026
03311540000096
06211540000124
02411740000169
04411840000028
10411700000088
02411640007001
03111640000071
08411640000042
04111840000030
08311840000062
04211640000003
04111540000094
07211840000033
02111340000091
08211840000001
04211640000088
02411540000001
09111440000002
04211640000013
02511540000060
04111640000022
05111740000037
10511800000037
02311240000030
05211740000018
04211640000115
02211840000084
02411340000168
07111740000129
04211741000019
05111740000030
02511840000119
03111540000041
06211640000097
05111240000007
02511840000055
02311745000005
08311640000010
05111540000009
04211541000025
02311540000067
02211740000046
04211740000004
02411740000151
09111640000009
10111510000074
10111815000014
10111710000010
02111740000141
08311840000002
04311140000026
07111340000084
10111700000079
03111640000076
02311840000061
02511840000095
01211740000068
10111710000109
07211840000035
04111840000057
08311540000070
05111540000018
02511540000124
07111640000094
02111640000081
03311740000083
03411840000047
05111840000121
05111640007006
04111740000004
05111640000158
04211840000075
10111700000052
03111740000112
06211840007003
06211840000044
03111745000032
04211341000044
02411540000078
09111740000052
03311840000053
04211840000003
02511840000020
08311340000151
02211840000104
04211745000030
04211740000071
02511640000049
02311740000081
03111840000154
06211840007001
09111840000086
03411640000046
10511600000025
06211840000001
09111740000103
02311640000023
05111440000045
02311540000126
02111140000144
03111640000064
08411340000041
04311240000075
10111700000065
09111840000045
04111640000100
07111440000097
04111740007001
03311740000027
02311540000007
10111600000088
05111540000077
10611800000083
10311800000013
04211641000001
04211840000017
06211540000016
02211646000011
04211541000008
04211740000053
05111740000083
10411700000111
07111740000037
04211740000079
02511640000067
04211840000129
03411840000033
03111740000028
05111640000060
04111840000010
04211641000020
04311740000089
02111840000185
08411640000013
02411540000090
06311840000018
05111740000175
04311640000067
06211840007004
02211540000105
04211841000032
05111740000094
04311740000090
08211540000007
10611800000016
03311840000035
10511600000040
02511840000062
10111700000021
02511540000041
02311640000108
04111340000090
06211440000107
02511640000144
02111740000120
10511800000038
02411540000029
09111640000119
02311740000004
09111540000052
03111440000042
04311840000045
09111840000146
05111740000143
01211740000043
09111740000088
02411740007005
09111740000035
04211441000032
09111640000033
05111240007001
04111840000001
02311840000121
02411740000170
04111540000003
08311440000079
09111640000104
10111600000017
08311740000068
04211740000046
10311700010036
02111540000157
04111540000089
08311340000104
10211600000036
06311840000028
08211740000006
03111840000037
07211440000012
03111440000130
03111840000091
09111640000090
03111440000137
09111840000068
02111440000170
04111440000020
09111840000076
06211540000030
02411740000017
04411640000032
06311840000055
02311640000096
10111710000025
10311500000082
02311340000102
04111440000033
05111840000065
08311840000028
10111710000094
02411540000031
10111600000007
02411640000105
02511640000127
08111840007001
02411640000081
03411640000001
04211741000007
10111700000047
06211440000057
03111840000131
02311740000085
02511740000010
10411500000056
05111540000137
04211841000015
10511800000004
10411600000027
05111440000119
02311745000041
10511800000019
08311440000133
07211540007002
06211740000051
02311640000063
06311840000041
04211540000051
02411640000115
04211640000031
05211840000051
09111840000099
10211500000093
10511800000007
03111540000137
09111640000129
05111540000048
03111640000117
02411540000015
03111640000063
07211740000027
02411140000027
05111840007003
09111240000014
02311840000050
08211640000085
02311640000073
02111840000191
03111640000149
10511600000026
02511640000007
10111610000015
03111740000141
01211540000094
05111540000023
09111640000067
08311740000050
05111540000121
06211745000008
02511640000011
03111340000046
10511700000018
02511840000013
05111640000092
10211600000033
10111815000052
03111640000140
03411540000052
01211740000085
08211540000050
02311640000097
03111640000164
09111740000009
02211540000024
02311745000016
05111540000030
03111740000101
09111840000069
02411640000189
06311840000039
03111540000039
08311740000084
09111440000037
02411840000120
06211740000015
02311540000050
02411540000064
04311640000057
05111840000151
02411740000165
02511540000109
06211840000063
10511700000014
05111840000071
10511700000072
08311740000065
10111510000036
02311440000061
08211840000084
09111640000039
08411740000062
10411600000066
02411740000054
02111540000005
03111440000026
10211500000068
10211800000004
02411740000056
02211840000064
02411340000171
08311740000063
10511700000023
02311740000118
07111740000030
04111740000033
10511800000010
04211541000001
05211740000050
03111540000071
02211745000023
05111640000123
02411840000198
02511740000020
04311840000053
04111440000042
02411540000036
02211540000090
10511700000019
05111740000023
09111840000077
04111640000077
05111740000051
02311540000004
04411540000029
09111540000083
10511700000053
05111640000033
02311740000011
02511740000074
08311640000097
04211841000056
04211540000090
08211840000067
02311540000030
04211840000062
08311540000137
02511540000128
02411740000081
02211840000043
02411440007001
09111640000073
03111640000035
05211540000049
02511540000005
10411800000005
02411640000142
04111340000051
08311640000090
05211540000082
03111640000161
02411740000141
04411540000031
09111540000088
05111740000145
02511540000058
10411700000060
10211700000080
03111540000085
03111540000127
06311840000010
10111610000047
02311640000117
04111540000063
02411640000118
04111840000008
04111840000007
10411600000080
10111815000015
08211540000062
03111840000079
05111640000045
05111740000077
05211640000109
03411640000044
03111740000012
02411740000164
02311740000030
02411740000144
06211540000009
10411700000089
06211540000084
10511700000068
06211840000071
04211540000049
02511640000062
08311640000037
10111815000070
08411840000025
04211841000035
09111840000044
02511840000109
02111740000048
05111540000173
02211640000074
08411540000007
05111640000028
02511540000096
08111740000028
04211741000017
04311840000104
02411740000079
02311640000129
04111840000060
02311640000021
05111740000045
04211840000065
03111440000061
02411740000010
09111540000059
09111840000088
04111440000024
05211540000007
04111740000015
08411640000011
04211840000056
03111740000088
10511700000036
02211840000114
09111840000106
09111840000080
03111840000020
02511740000082
02111540000114
05111740000138
06211740000080
10211500000060
02511640000111
05111740000118
05211840000003
02111440000158
03311640000096
08311440000107
05111740007004
05111540007007
04111640000003
03311840000004
04311840000105
04111840000041
09111840000092
02411840000172
03111840000060
06311840000008
10111710000038
10311600000017
02111840000080
10211800000014
09111840000151
09111840000130
05111540000004
02411840000104
04111840000086
10411700000005
07211840000009
05211840000136
05111840000028
04311840000121
02311640000001
04311840000107
02311640000022
10211700010031
04311640000086
02111440000020
02311840000069
02111840000090
10511700000073
02511740000056
06311840000020
05211440000156
10311800000026
05111440000081
02411840000096
08311440000038
08311440000011
02111840000108
01211640000078
05111640000023
10111710000013
09111640000118
10411800000016
08311640000049
10111610000001
08311640000099
06311840000021
05111740000125
03111740007001
09111540000067
10311800010022
04411540000032
08111540000015
04111840000046
02511840000077
02411640000153
03111740000115
02111440000165
07211440000023
04411440000045
03111640000113
03411840000022
02511840000137
04111340000074
05111840000081
10111610000068
08211840000020
09111740000012
02311740000124
07111840000085
02411840000166
05111240007003
05211840000138
04211640000043
02511740000032
07211440000049
10411700000095
04111740000038
02311740000065
02311745000011
10111610000029
08311740000081
05211640000058
10611800000051
09111640000040
05111540000005
02211540000049
03111540000102
08311840000004
04111440000012
02111640000203
08311440000130
03111840000125
02411540000082
02511540000085
10311600000046
02411840000023
05111740000100
07211540000010
03111540000138
06211740000111
04211741000005
08111340000040
03111540000009
02411740000146
08411840000038
04211840000048
06211745000019
08411740000046
02511540000134
04111540000031
02411740000145
02411840000006
05111840000075
08411740000038
04411640000052
05111540000106
10511700000054
08411840000006
04111040000087
10511800000006
08111740000059
02211540000045
08311540000134
08211540000043
04311640000097
05111740000093
02111540000194
08411640000001
03111640000099
02211740000045
08311540000082
10611600000066
02511740000094
04411840000010
02511140000108
02511840000080
01211540000084
03111640000123
04311640000114
04111740000079
08311840000008
02311840000051
04411840000016
08211740000062
08311640000048
02211740000131
02411740000070
03111740000127
05111540000134
04111540000085
09111840000066
04211841000037
05111540000101
08211740000042
08311340000146
05111540000038
01211840000093
03111640000156
03311840000003
04211840000073
09111540000019
05211640000150
09111840000036
04211440000100
03311840000059
02111740000014
07211840000054
02511540000093
01211840000077
03111740000039
05111840000120
09111840000120
10511700000046
10511800000052
02411840000106
09111840000039
03111140000071
02511640000033
08111840000059
05111840000111
04111740000086
10611800000004
10611800000089
02511640000147
09111540000080
03111540000005
02511840000048
04211746000027
02411640000158
02511440000083
10511600000053
08111840000076
02311540000037
02511840000138
05111540000070
10411700000084
10111710000019
07111745000084
04111540000062
04211741000009
02211840000053
04111340000050
02511540000076
06211740000016
03111740000098
03111640000152
10211700000077
04211840000074
08311740000085
03111745000033
04411740000030
07111340000113
04111640000032
10411600000031
02511540000007
09111440000027
02411840000180
02311745000039
02511840000123
10611600000071
03411540000007
09111540000045
03111640000134
02411840000144
03111745000024
02411340000101
09111840000087
10111815000024
02411840000111
06311840000050
02311640000062
10311500000090
06211840000093
05111740000086
02511540000125
08311840000058
08311740000069
05211240000115
03111840000124
10411700000026
03411740000049
04211640000108
09111440000007
04111740000005
08411640000048
02511740000062
08311840000049
03111740000061
10511800000036
10511500000038
06211740000073
04211746000032
08311740000019
03111740000074
04211745000014
04111540000021
04211841000041
04311740000010
08411840000059
02111640000063
02511640000017
05111740000079
03311840000034
08311440000070
02411340000150
09111840000010
04111640000050
08111740000035
01211840000049
02311840000108
05111840000053
10311800010020
09111540000090
10411800000055
04111840000067
06311840000038
02211646000023
10511700000045
02311745000012
02311540000114
02411840000066
10511500000008
02211440000125
02411640000145
02511840000012
08311840000035
02311840000032
10211600000004
03111740000036
05111540007004
05111540000087
02111440000041
03111645000049
02411740000078
02411840000109
08411740000025
06211640000077
04411540000016
02111640000051
04211746000017
03311540000023
10111815000031
10111710000011
06211840000095
05211540000029
05111640000113
02511540000121
04411640000006
04311740000048
04311640000062
01211640000111
02511840000085
05111640000080
10411700000056
03111840000030
05111840000014
09111740000105
02411840000183
02411640000183
02511640000083
08311540000043
04411740000009
03411740000030
04111840000082
09111740000047
10611600000018
04411540000053
04111540000002
05211740000009
04411540000057
05211740000143
03311840000019
02511740000043
10211700010023
10611700000003
09111740000102
05211840000127
02111540000018
02111540000134
02411640000190
05111640000180
02411740000113
04311840000033
02311540000064
03111740000050
02311840000018
03111640000005
03111540000112
04111740000043
06211540000100
02411640000120
02311840000099
05111540000092
02511640000103
04111640000036
03311740000018
04111540000030
04211841000024
08211640000088
08311740000058
10111800000032
08311440000030
10211800000007
02511640000115
04111340000041
02411740000121
04111540000093
04111540000073
02111540000081
04411840000037
05211540000075
10111710000056
04111740000058
05111740000155
03111740000108
05111840000101
02111540000063
03111440000036
09111540000058
03111440000096
02411540000065
03111840000159
04411840000022
03111340000128
10111700000099
04111840007001
05111740000054
04411440000036
04311540000007
04211740000036
10411800000038
02511540000084
02111645000026
07111440000190
08111540000018
03111240007003
02311640000101
09111840000145
03111540000027
04311740000022
02311540000107
02411640000029
05111840000128
05111640000010
04111540000010
02411840000136
09111740000058
02111840000130
05111740007001
09111840000121
03111640000008
02211840000005
08311740000039
02511440000092
02211840000013
03111840000146
08411540000025
10411700000021
04211740000049
02411840000024
09111740000073
03111540000148
04311740000105
04211740000006
03111840000123
08411440000033
10511600000070
02411840000103
10211800000002
02211540000012
03111640000065
05111440000004
03111240000133
03111540000061
08311740000094
02111640000114
03111740000119
02411740000092
04211640000118
07211840000070
08411640000005
09111540000068
04211641000026
04111840000005
02311840000005
02511540000030
05111340000101
04311740000007
05111540000019
06211740000069
02411540000109
02111640000007
02311640000095
09111640000047
10111310000087
03111740000060
10111500000135
09111640000016
05111840000060
02311745000046
05111640000052
08311540000032
09111540000060
09111540000066
05211640000010
05111840000139
04211646000005
02311840000030
03311640000092
10511800000062
07211340000040
02111840000136
04111640000076
02311540000003
04211441000041
02311740000126
05111840000072
04111840000009
04111840000084
05111840000166
04411540000003
02411540000034
04111540000006
02411740000187
05211840007006
04211640000062
02111840000007
02311640000010
09111640000050
06311840000045
04211840000044
08211740000095
07111640000035
05111640000142
08311740000079
03111840000018
02311840000132
03111540000062
02211540000149
10211700000125
02111740000131
08311540000009
10511500000055
02511540000038
04111440000019
02411840000133
10211800000040
09111840000004
08411640000038
09111640000048
08211540000072
05111640007002
02411540000012
02311840007001
08411640000054
03111740000122
05111740000031
08311740000044
10511700000042
02411740000028
02111440000056
05211540000143
08111840000082
10111310000073
02111840000004
10611800000041
04411740007003
02411840000113
06211740000033
04311740000026
10511400000036
10411700000109
03111640000081
02411540000060
10111510000054
08111840000045
10211500010042
05111540000080
03111740000058
04111240000028
02511540000037
02511740000078
04311640000050
04211840000116
03111440000080
04311740000057
06311840000052
02211740000125
02111540000044
08211540000040
02511640000140
04211840000089
05211740000086
04311840000111
02511540000141
02411840000045
09111840000007
02111840000147
03311840000018
10111700000064
02511740000030
06211540000113
03311640000007
06211740000023
03111745000013
05111540000073
02311745000013
02411640000109
05211740000061
02511840000099
05111840000159
07111745000049
06211740000005
09111640000011
03111540000036
03411540000035
05111540000164
02411740000128
02311640000102
04111340000059
04311540007001
06211740000043
08411840000036
02511740000083
08411340000025
02411740000173
03111640000083
05111540007006
02511840000029
10611800000023
05111540000079
04211640000021
04111540000048
04411740000038
03111840000097
05111640000034
05111740000091
05111840000090
08211640000053
03111840000054
05211540000048
09111740000059
09111840000037
08211840000002
04111640000097
03111840000047
02311840000006
02311340000083
08211740007003
10111700000029
04211745000008
03111440000108
05111340000155
05111640000011
02111540000190
04111840000032
02311640000149
09111740000098
04111840000016
02111440000113
05111640000115
04211741000031
02411540000058
10611700000059
02411740000021
04211740000020
02411640000086
04311640000040
03411840000028
03111740000144
02411540000055
04311640000009
09111840000060
02111540000186
04111640000043
08211540000108
09111540000074
05111440007003
08411840000035
10211600000019
10111510000009
03211740000052
03211540000114
07111540000045
04311840000119
03211640000051
01111540000038
04311540000114
07111740000015
02111540000027
03111740000110
04311540000143
10111610000026
05211640000068
02111840000134
10311600000049
10411600000070
05111840000167
02411740000148
06111840000083
04311540000134
02511340000021
10411700000079
08411740000030
04311540000092
04111540000027
06111740007004
01111740000035
08211440000049
02411640000173
04311640000084
10111710000113
10311800000041
04311740000091
06211540000006
04111240000076
04411540000001
10111710000089
03311840000046
04411440000003
06111240000065
02411540000111
02111540000069
07211640000057
07111745000082
08211540007001
03411540000003
05211840000134
01111740000033
10411800000076
03211640000087
06211840000072
07111440000014
06211740000086
07111640000090
03211640000105
02511540000137
04411840000036
05111540000111
08411640000046
04311540000097
10611700000041
03111440000067
06211540000126
04311740000041
04411440000011
04311540000083
05211840000007
04111840000054
06111440000047
03211840000080
10311600000093
02411540000079
04111740000026
06111840007002
01211640000084
04411640000059
06111740000015
10111710000115
04311740000084
03311540000007
06211540000026
10611700000055
01111740000037
10511700000043
03311740000016
01111640000003
02111540000072
06211740000081
01111540000046
01111740000071
03311540000005
02111740000095
06111440000080
05211640000044
05211740000046
01111240000053
10411700000068
04311740000037
08311840000070
02311440000067
09111540000015
10311700000018
10411800000059
05211540007005
07111340000078
10111815000045
04411540000004
06111640000042
05111740000173
07111840000217
02411740000166
03211540000025
04311440000051
10111810000024
05111540000178
04311840000017
04311540000053
07111640000167
06111540000020
07111640000116
05111740000136
07211840000036
02411640000184
04411840000052
03411540000028
10611600000045
04411540000033
05211540000037
01211540000021
05211740000055
04111840000037
10111815000056
02311740000128
05211540000034
04111740000012
10111815000051
08211840000031
10111510000016
10311700010013
07111440000040
04311640000014
05111840000001
10111710000088
02511740000038
01211840000104
04411540000045
09111840000094
01111640000035
04311740000019
02311540000039
04111740000003
01111740000061
06211840000068
07111340000068
05111740000053
02111540000187
05111840000051
03111640000057
02111440000085
08211640000067
05111540000170
03111840000114
01111840000042
05111640007003
07111540000075
01211840000079
05211840000046
07111440000019
08211640000078
09111840000148
01211840000067
04211840000077
03211840000102
07311740000021
10611700000069
10311800010023
06111840000014
07111540000080
07311740000002
06211745000013
05211840000104
05111640000043
05211540000058
01111640000106
07311740000007
02111740000010
04411840000032
10411600000005
05111840000023
08211640000055
02511540000048
04411740000022
02111740000105
04411640000021
10611800000045
04111640000011
04411840000005
08211540000100
04111640000068
01211740000046
06211540000045
04111540000090
05111540000131
08211540007003
02511740000061
04211745000021
03211740000091
10511800000067
02111840000032
05111740000178
01211540000045
10511800000003
03411840000029
09111840000018
10611800000052
04111840000055
01111540000103
07111540000048
04311640000028
04311540000093
02111340000105
06211745000020
09111840000118
10111510000002
03211840000078
04311540000074
05211840000041
03211840000054
10111510000093
10611800000027
04411740000015
05211540000040
10111710000002
03211440000026
08211540000044
09111740000025
10111810000028
10611800000085
10111610000006
10111510000039
08211740007002
09111540000036
02411740000030
07111740000001
08411740000022
01211240000052
04111540000049
03411740000045
07111745000033
04411740000026
05211540000067
07111540000025
02511740000012
04411840000021
04311540000055
10411600000038
10411800000060
01211840000025
04411840000013
02511540000069
07111840000005
10111715000011
05111740000169
07211440000048
10111815000073
06211540000128
06211540000063
03311440000074
10111610000061
04311640000077
03111540000115
04311540000057
01211740000081
01111640000026
08211640000038
07111740000097
04311840000114
10411800000032
10111710000042
03211740000022
04211740000014
02411840000170
02211840000022
03211840000008
08411540000014
05111740000106
10611700000108
04411540000020
05111740000092
03311440000011
10611700000065
03211640000099
10111610000060
03411840000044
10111815000067
06211740000088
08311740000093
06111840000108
05111540000118
05111840000133
02311640000162
04211745000032
05211440000097
10311600000059
04211840000095
08211640000107
02111840000126
02111840000066
02411840000026
04311540000027
07111540000057
10111810000035
02111540000174
04411740000024
10411700000048
07111840000075
05111640000096
08211640000048
03411740000028
05111340000001
07211640000019
07211740000041
01211840000071
04411640000010
04411340000029
02411740000099
05111840000042
02511640000051
03411740000014
05111640000184
05111840000155
06211540000043
04411340000043
05211840000091
07111740000054
08311640000107
07311540000005
01111740000007
06111740000101
05111740000196
08411840000052
06211840000045
02211840000023
04411540000038
10511600000003
04411840000004
08411640000053
10111710000114
08411540000020
08311540000072
05211540000130
06211540000097
06211540000034
10411600000084
05111740000069
02511840000070
01111440000075
01211540000077
07111745000026
04111440000023
10611800000091
10111815000071
03111840000019
05111840000077
05211440000189
06211745000015
02411840000119
06211745000030
05211340000124
03211840000073
04111740007006
01111840000101
10111710000009
02411740000009
02411840000028
04211740000080
04411440000037
05211440000168
04411540000039
05111840000140
04411440000019
04311640000090
02411740000072
02411640000052
08211740000001
05111540000017
05111840007004
04211441000020
02111640000023
02411840000196
01211740000037
06211740000105
07111840000201
07111840000194
01111640000066
04111640000030
05111840000029
10411800000083
10611700000045
02411640000149
10411600000076
06211745000035
07211640000005
10611800000009
09111840000056
07111540000142
10111510000079
06211840000090
10111510000106
01111640000039
01111540000072
07111440000052
05111740000017
10611700000026
02111540000074
08211840000090
04111540000098
04311440000004
03311840000071
01111440000104
10111410000001
02211540000076
03111740000027
01111540000023
10511700000065
02411840000194
04111840000024
08311440000050
04211741000004
06211540000081
04111740000030
02511540000047
07111740000142
06211540007001
04211840000009
01211340000044
05211540007002
02111540000086
10411600000077
08211340000052
02211740000103
07311740000040
03411440000011
02111440000184
10111710000103
04111640000084
10511800000085
09111740007002
03311740000077
01111540000022
04411340000044
08411640000045
02411840000165
01111840000102
09111540000018
04411840000049
05111840000040
02411840000146
05111540000149
04411140000002
10111810000054
10111510000040
02411740000040
03211540000001
06211540000015
04311540000035
10411800000056
04311540000040
04411640000024
04411240000048
05111840000041
04111440000030
04411840000029
09111840000059
03211540000047
02411540000054
10511800000046
10111610000080
06211540000038
03111640000073
10411800000002
02411740000026
08211740000072
03411540000020
01211740000070
04411840000048
01111740000050
06211540000065
04311540000044
01211540000039
08311540000068
10111510000062
02511640000073
05211840000098
10411700000020
01111840000054
03211540000020
02111740000151
10511700000070
03311540000006
06211540000079
02111540000064
05111840000039
07311840000060
02411740000085
05111740000102
06111840000081
07211540000038
06211745000025
03211640000035
06211740000027
10311800010019
06211540000019
03311540000101
06211840000069
01211640000107
10111710000027
01211340000019
09111840000104
04111640000024
04111540000068
08211840007001
10311700000031
10411800000080
02211740000054
10311700000108
06211840000096
10111510000047
10611800000072
10111610000092
05111540000002
10111815000016
06211740000044
04311540000062
01211840000094
07111540000123
03311840000093
08411840000042
03411740000054
06211840000100
03311540000055
07311840000036
03211640000112
01111640000028
04211840000072
04411740007001
09111840000061
06211840000062
04311740000074
02111540000126
07311840000005
01211740000082
10111510000025
04411840000027
04311840000108
02211640000136
06211740000090
05211740000074
02411540000005
03411840000055
03211440000085
07111745000073
08311340000103
03311840000066
07111540007004
08211740000009
10411800000011
02311740000059
01111440000019
10311700000093
02311840000070
02111640000077
10511800000057
10411700000047
01211540000053
02111840000142
07111840000044
03211640000034
02411640000112
05211840007002
01111640000067
06211840000079
02411640000003
08211640000003
07111840000144
08211740000032
09111740000003
05211540000118
07111640000137
05111840000165
02411640000102
06211840000080
01211540000093
10111510000021
01211440000082
08311640000110
07111540000135
04311540000029
03211440000094
06211745000004
02311640000082
01111640000072
08411740000047
05211740000070
10111510000056
05111740000123
08211540000086
05111340000107
04411540000023
04311740000110
02411840000032
07111740000140
08311640000085
06211840000047
10611500000063
10411700000071
02211740000018
08311740000100
01111640000052
01111540000053
07111840000006
01111540000067
05111840000074
01111740000009
10111510000072
10111815000049
04411640000016
08211540000060
04311440000005
07111540000104
02211640000092
02111340000182
10111610000084
06111740000093
10111610000071
07311740000029
09111640000099
05211740000140
10111710000099
08411540000035
03211840000027
02111540000115
08211840000014
03211640000108
04311540000123
04211741000013
03211840000001
08311540000090
08211640000044
02511540000059
01211540000032
02411840000007
02411840000029
01111740000083
07311540000029
05211740000079
01111740007001
08411640000020
09111740000021
10611800000019
02411840000089
05211640000098
07111340000170
10611800000010
07111740000013
10111810000048
10611800000032
07111640000039
10511800000041
01211740000023
07211840000011
06211740000020
10311700000054
08211740000060
04411640000035
10511800000058
05211840000107
04311740000017
09111840000011
10311700010039
03111540000146
03211840000103
10111710000032
10611400000106
06111740000014
03211540000065
01211540000064
05211840000028
10111810000056
10611800000070
02411640000093
10411600000073
05111740000003
03211440000040
07211540000003
07111840000153
02111440000145
05111540000068
10611500000101
02211740000092
02411740000096
03111740000151
05211740000026
05211540000090
07211840000078
06111640000117
04311640000102
08211840000058
06111640000061
07211540007001
03211540000006
07111840000070
01111540000060
09111840000091
06111840000076
07111740000046
01111840000085
07111440000092
04411440000016
04311640000001
05111840000066
01211740000078
09111640000084
07311840000032
07111540000128
02211640000056
04211340000051
04311740000083
01211640000102
10611800000003
03311840000027
06211640000069
06211540000116
03211540000044
01111640000081
10611700000034
04211841000006
02111540000111
10511800000086
02311740000088
05211240000092
02411740000048
10511600000090
06111740000023
10111510000080
10311700010022
05211840000026
07111745000060
04111140000062
04411740000007
04311840000012
08211540000012
02211840000024
07111840000121
02511540000090
07111840000183
07111840000143
10111610000007
03111440000072
01111640000001
10311700000032
04411540000046
07111840000043
07111740000118
04411540000015
08211540000054
02311540000022
09111540000093
06111440000015
02511740000011
04411540000050
05111840000092
05211840000114
02111840000040
07111840000120
06111540000112
03211540000105
04211840000071
02411640000167
10411600000059
10411600000010
07111740000096
03311640000001
02311640000013
03111840000138
10611800000017
02411840000056
10111510000050
02111440000156
03311840000028
05211540000138
07111745000030
02311745000049
02411640000150
07111640000021
10411600000040
04311640000128
04411740000048
06111640000020
01211640000006
03211740000093
07111840000079
03411740000052
07111840000135
04311840000076
01211740000035
07211740000003
10411800000062
05111540000099
03211840000002
03311840000015
03111640000014
02411840000031
03411740000012
07311840000003
04311840000133
07311640000038
05111840000084
03211640000042
04311640000127
03311840000050
01111640000065
07111240000137
03111540000051
04411740000010
03211840000082
05211840000142
07111840000004
06211540000055
05111840000082
04411540000052
07111840000167
04311640000047
03311640000077
07111740000029
04311740000047
02511540000010
02111740000191
03311640000005
08211840000061
10611700000027
03211640000095
04411540000056
10311700000057
06211340000074
03311540000104
08211740000005
03211740000020
08211740000059
03411540000004
02411540000110
08211740000039
05111640000105
01111640000076
10411700000073
08211740000087
02111740000118
06211540007002
04111640000019
02111740000006
10111810000033
09111740000084
04411640000047
03211840000091
06211840000074
10511800000072
06211540000074
01111640000031
01111640000015
03211840000033
10111815000055
02111440000043
06211745000031
10411600000072
03311740000071
09111840000017
04311540000119
02311645000041
03111540000097
10311700010035
01111840000076
05111740000161
06211540000064
05211740000065
04311540000085
06111640000034
08211640000112
03411540000053
05211840000084
04111840000056
01111540000033
04311840000010
01111740000058
01211840000061
01111840000090
02311745000019
04211840000010
07211540000013
08311740000086
06211840000013
04111340000089
07111840000195
04411740000037
04311640000126
05211640000157
10111810000071
08311640000103
06211740000022
03211240000046
05211840000125
06211540000056
07111440000034
04311540000025
05211740000102
07111740000138
10611800000040
04411840000009
03311740000059
04111640000021
06211745000024
10111810000072
03411840000039
05111640000017
08211540000094
09111840000116
05111440000134
07111640000107
10411800000079
04411540000049
04311840000062
10411600000025
10111810000060
05111740000188
03211840000075
01111840000050
07111745000008
06211440000121
10611700000074
08211740000056
04111540000051
09111740000042
04211640000009
05111440000039
03311540000051
08411840000015
04311540000033
05111640000075
04311740000113
10411700000046
10111710000101
02111640000150
07111240000044
08411840000014
07111840000020
06211540000092
08211740000037
06211540000028
09111540000061
10111815000059
04411440000022
04111740000066
03211640000003
03211540000069
04411540003041
08211540000057
04211840000079
03311840000026
10111810000009
10511700000016
07211340000030
06211540000120
10511700000013
07111840007001
04411540000040
05111440000028
04411640000029
07111540000026
06111340000120
07111240000086
02511840000054
07211540000045
05211840000130
04211741000016
02111640000017
05111740000012
02411640000214
02411740000033
08211740000035
02111740000132
10411800000067
01211740000088
02411540000072
09111640000001
06211540000061
02211740000105
07111540000093
06211540000022
02511640000018
04311740000111
10111815000066
04111640000026
03211740000055
05211740000141
10611700000077
10111710000014
08211740000096
08311840000040
03211740000099
04411840000050
08211740000015
04411840000031
01111740000051
02311745000025
01211840000026
04111640000006
01211640000112
04311840000106
02311740000051
08411840000039
07111745000032
07111540000151
07111740000110
01111240000062
02111740000155
04311840000016
04311640000135
10611700000095
05111740000158
02111540000034
03311540000062
10111710000046
10111610000069
01111840000002
02411740000024
04411540000007
07111640000143
05111740000018
06111740000038
02211540000128
06111740000092
01111640000006
02411740000118
04211440000121
04311640000129
10111810000014
02411640000088
05211740000007
08211740000081
03211840000068
03411540000009
08211840000075
05211840000050
06111740000099
03311640000043
08411840000054
08211840000050
06211840000031
07211740000045
01111840000031
08411840000047
03211540000063
02211740000086
05211640000152
03411540000043
05111540000147
04411540000009
02111640000057
07311840000030
07111640000123
02111840000168
02111740000011
08211540000085
08211540000048
09111640000003
10611800000068
06111840000080
04411640000012
10411800000058
01111640000064
04411840000047
10411600000105
10311700010009
09111840000133
03311740000062
04411440000042
01111740000040
03311440000066
08211640000095
01111640000101
06211740000098
04311740000027
05211440000025
02511540000083
05211840000140
01111540000092
04311240000018
03411540000016
05111640000062
05111540000084
08211840000082
07111640000162
08311540000049
04111740000064
05111540000143
02211740000068
03211740000030
07311540000004
06211540000040
07111840000019
01211740000074
10611700000054
04411540000058
01111740000064
06111640000025
03311840000017
07311740007003
08211640000042
01111540000089
10111510000053
04411540000036
05211740000098
02311840000058
10111610000053
03311640000021
05211540000140
04311840000079
02111440000159
06111640000063
07211540007003
08311640000036
06211540000087
07111740000076
02411340000182
04111540000044
07111740000102
04411840000019
04411840000045
04311640000131
02411740000058
01111840000030
03111840000117
06211340000099
09111640000106
04411740000019
02411740000095
05211540000089
06211840000021
03211740000089
08211740007005
05111640000137
04311740000109
01111840000095
07311840000062
05111840000093
06211740000066
02311745000007
08211540000045
08411540000040
10611600000016
10611700000009
08211540000026
06111840000068
10111815000054
10111710000044
05111540000172
08211540000106
05211740000041
03111840000139
05211740000012
01211540000034
01111840000029
02411840000035
05111640000187
07311740000033
06111740000060
06211745000012
05111840000134
05211540000087
02311840000003
06111540000008
05111540000082
02111545000045
10111815000028
10411700000031
04311540000111
10111710000024
08311040000022
07111740000082
04411740000031
05111740000176
01211740000038
10111710000058
09111840000144
02111340000190
01111840000015
02411640000110
06111840000050
04411640000011
06211840000030
09111840000137
06211840000057
10111810000022
02411740000037
08311340000141
04311540000002
05111840000105
01111740000063
07111640000083
10111610000017
08211640000028
03211840000037
02211540000100
03211840000041
07211540000041
08411540000031
03211540000010
04211540000058
07111340000146
09111640000022
03311640000089
01111740000086
01111540000040
02111640000065
07111740000021
07311840000039
04411840000008
04311540000037
04311840000124
03311840000041
09111640000077
08211740000099
09111640000085
10311700000037
07211340000020
10611700000121
10411600000009
07111745000055
07111740000089
02211740000139
02411640000182
05211740000025
07111840000157
10111815000041
01211540000058
04311540000132
08411840000057
04411740000014
02111440000037
01111840000052
08311840000033
04411840000024
04411440000001
10111810000041
05111840000024
04311740000029
10411700000035
06211740000091
06211540000051
05111640000114
04111540000081
04411540000017
02211640000172
05111740000062
02111840000072
06211540000066
02211646000049
01111840000079
01111440000108
06211840000078
08211640000080
09111740000110
07111840000100
02411540000056
07111440000018
06111640000066
03311740000024
04111740000020
10111810000058
04411740000046
01111640000057
10611700000050
04311540000012
01111340000052
04111540000071
03111840000061
02511740000033
04311540000066
10111810000050
02311840000002
10111710000005
02511740000106
02111340000164
02411640000218
04311840000011
02411840000171
02111440000086
07211540000007
02111440000044
10611800000054
08211740000098
08211840000081
10511700000088
03311640000079
03111840000143
05111340000157
06211840000012
09111840000040
04411540000005
09111740000043
02411540000041
03211840000042
04111640000052
02111640000126
07311840000004
03211840000009
06211540000024
06211840000053
04411740000020
03211640000076
06111440000031
05111840000069
03211540000098
10611700000115
04111640000057
03311540000018
04311340000143
04111740000019
05111740000157
01111740000072
10511600000042
03311640000102
02411840000009
10411700000045
01111540000006
04411440000025
03211840000026
04111240000020
03311840000016
05211740000067
01111740000081
02111540000001
01111740000004
04311840000084
03211540000034
04311540000059
02111840000035
07111745000071
09111840000050
08311640000089
03411540000033
10411800000070
07111440007005
03311640000066
06211840000054
09111640000086
07111840000035
10511800000020
05111740000103
10411800000001
06111740000053
04311640000030
01111840000056
07111840000083
05111840000106
07111640000088
07111140000018
06211840000019
01211840000011
02111840000095
09111740000023
10611700000113
02211540000133
02311840000055
10311400010037
03111840000043
10111310000091
05211840000044
01211740000087
10511500000087
04311840000087
02411540000080
06111740000007
06111640000032
07111540000049
04411740007002
02411840000027
07111840000080
10611800000024
02111440000179
08211240000034
