2512101014

1114100075

2216030065
1213100113
1213100113
1213100113
1213100113
2212100143
2214100022
2115030083
06211740000069
2116100148
2316106008
1213100113
4312100042
4216106002
1116100040
1312100016
04211740000080
1212100070
2513100146
2415100066
3516100021
2115100074
2515100058
4216106007
2316106022
3413100179
2415100011
2316106048
2115030085
2216030065
2216030059
03111740000019
4114100071
04311740000028
2115100031
5215100048
1114100075
1315030090
03111740000053
3111100025
2114100050
2113100178
2711100134
2115030012
2512101014
03111740000024
04311740000026
1316030104
2216100035
1215100020
1116100077
3413100178
