2411100085
2414100009
2414100027
2414100108
2415100012
2416100032
2416100039
2416100042
2416100046
2416100081
2416100111
2416100131
2417100007
2417100011
2417100031
2417100034
2417105015
2417105026
2417105028
2417105045
2412100062
2412100062
2414100042
2414100048
2415100001
2415100011
2415100024
2415100044
2415100048
2415100051
2415100066
2415100096
2416100016
2416100017
2417100003
2417100032
2417100046
2417100081
2417100095
2417105022
2413100098
2414100004
2414100093
2414100112
2414100117
2415100023
2415100101
2415100102
2416100007
2416100019
2416100029
2416100051
2416100069
2416100109
2416100140
2416105001
2417100013
2417100040
2417100044
2417100101
2414100013
2414100016
2414100029
2414100040
2414100047
2414100118
2415100008
2415100018
2415100070
2415100092
2415100097
2416100118
2417100015
2417100025
2417100051
2417100082
2417100093
2417105006
2417105018
2417105040
2413100075
2414100017
2414100024
2414100041
2414100065
2414100099
2415100053
2415100058
2415100073
2415100111
2416100011
2416100090
2416105009
2416105014
2416105038
2417100099
2417100100
2417100701
2417105027
2417105056
2413100042
2413100067
2413100087
2414100038
2415100075
2415100076
2415100085
2415100122
2416100059
2416100104
2416100114
2416100119
2416100127
2416105034
2417100024
2417100039
2417100054
2417100088
2417105033
2417105035
2412100030
2412100030
2412100118
2415100017
2415100036
2415100067
2415100090
2415100119
2416100009
2416100060
2416100134
2416100146
2416100151
2417100009
2417100092
2417100119
2417100127
2417105009
2417105017
2417105046
2411100071
2414100039
2414100068
2415100007
2415100094
2416100002
2416100038
2416100091
2416100095
2416100102
2416100149
2416100158
2416105007
2416105044
2417100002
2417100008
2417100124
2417105013
2417105039
2417105050
2411100010
2411100010
2414100082
2414100084
2415100105
2416100003
2416100026
2416100050
2416100074
2416105003
2416105020
2416105021
2416105035
2417100021
2417100035
2417100072
2417100087
2417105004
2417105008
2417105030
2412100096
2412100096
2414100022
2414100069
2415100015
2415100069
2415100086
2416100054
2416100056
2416100077
2416100143
2416100156
2416105011
2416105015
2417100111
2417100113
2417100117
2417105001
2417105014
2417105047
2411100100
2412100098
2413100138
2414100023
2414100034
2414100050
2414100079
2415100025
2415100081
2416100008
2416100087
2416100093
2416100105
2416100137
2416100152
2416105026
2417100012
2417100105
2417100106
2417105020
2414100056
2414100090
2414100097
2414100110
2415100019
2415100074
2415100087
2415100093
2415100120
2416100030
2416100065
2416100144
2416100154
2416105042
2417100050
2417100052
2417100065
2417100069
2417100102
2417100115
2413100135
2414100030
2414100044
2414100085
2415100028
2415100034
2415100079
2415100098
2415100104
2416100061
2416100068
2416100107
2417100016
2417100030
2417100042
2417100048
2417100058
2417100067
2417100073
2417100118
2413100136
2414100026
2414100028
2414100032
2414100066
2414100089
2414100113
2415100084
2416100005
2416100037
2416100040
2416100094
2416105023
2416105033
2417100022
2417100103
2417100109
2417100112
2417100114
2417100120
2413100101
2414100019
2414100043
2414100052
2414100101
2415100055
2415100089
2416100015
2416100036
2416100058
2416100078
2416100141
2416105005
2417100019
2417100029
2417100043
2417100089
2417100108
2417105010
2417105023
2414100002
2414100074
2414100078
2414100094
2414100102
2414100122
2415100031
2415100080
2415100091
2416100012
2416100020
2416100033
2416100066
2416100083
2416100089
2417100080
2417100107
2417105003
2417105024
2417105036
2414100005
2414100007
2414100025
2414100053
2414100057
2414100098
2414100109
2415100009
2415100020
2415100026
2415100060
2415100068
2415100100
2416100023
2416100041
2416100117
2416105024
2417100017
2417100091
2417105051
2411100023
2413100083
2414100015
2414100021
2414100045
2414100051
2414100059
2414100061
2415100004
2415100064
2415100103
2416100010
2416100025
2416100096
2416100097
2416100101
2416100113
2416105027
2417100116
2417105016
241
2414100095
2415100003
2415100042
2415100063
2415100107
2416100021
2416100022
2416100057
2416100075
2416100080
2416100160
2416105008
2416105019
2417100004
2417100027
2417100028
2417100045
2417100076
2417105041
221
222
223
224
225
226
227
228
229
230
231
232
233
234
235
236
237
238
239
240
201
202
203
204
205
206
207
208
209
210
211
212
213
214
215
216
217
218
219
220
181
182
183
184
185
186
187
188
189
190
191
192
193
194
195
196
197
198
199
200
161
162
163
164
165
166
167
168
169
170
171
172
173
174
175
176
177
178
179
180
141
142
143
144
145
146
147
148
149
150
151
152
153
154
155
156
157
158
159
160
121
122
123
124
125
126
127
128
129
130
131
132
133
134
135
136
137
138
139
140
101
102
103
104
105
106
107
108
109
110
111
112
113
114
115
116
117
118
119
120
100
2412100033
2412100033
2413100103
2414100036
2414100103
2414100116
2415100052
2415100056
2416100062
2416100063
2416100073
2416100098
2416100135
2416105004
2416105017
2417100023
2417100097
2417100121
2417105012
2414100003
2414100086
2414100119
2415100010
2415100062
2415100106
2415100116
2416100004
2416100028
2416100047
2416100103
2416100162
2416105040
2417100026
2417100056
2417100059
2417100126
2417105007
2417105032
2417105037
2412100115
2413100143
2414100011
2414100067
2414100087
2415100022
2415100039
2416100013
2416100082
2416105022
2416105041
2417100049
2417100053
2417100057
2417100064
2417100086
2417100096
2417105019
2417105025
2417105049
21
22
23
24
2411100097
2413100092
2413100129
2414100062
2414100107
2415100016
2415100032
2415100121
2415100127
2416100027
2416100044
2416100045
2416100088
2416100100
2416100133
2416100138
1
10
11
12
13
14
15
16
17
18
19
2
20
2412100125
2413100090
2413100125
2414100073
2414100081
2414100121
2415100035
2714100051
2714100119
2715100070
2716100003
2716100008
2717100031
2717100050
2717100097
461
462
463
464
465
466
467
468
YULI DAMAYANTI
YULINDA ASTRI RESTIANI
YUNANTARA I KADEK
YUSFAN OKTA FIRDAUS
2713100072
2714100081
2714100101
2714100103
2714100140
2715100022
2715100057
2715100068
2715100086
2715100102
2715100123
2716100024
2716100025
2716100075
2716100081
2716100085
2716100102
2717100004
2717100042
2717100051
2714100005
2714100052
2714100097
2714100120
2714100134
2715100025
2715100039
2715100113
2716100014
2716100041
2716100054
2716100055
2716100057
2716100071
2717100017
2717100023
2717100034
2717100036
2717100053
2717100069
2713100022
2714100020
2714100027
2714100028
2715100013
2715100026
2715100065
2715100110
2716100010
2716100027
2716100032
2716100035
2716100122
2716100132
2717100009
2717100045
2717100080
2717100101
2717100108
2717100110
2713100010
2714100039
2714100042
2714100053
2714100100
2714100126
2714100137
2715100024
2715100063
2715100115
2715100117
2715100118
2716100006
2716100026
2716100038
2716100086
2717100006
2717100007
2717100026
2717100057
2714100004
2714100049
2714100069
2714100074
2714100084
2715100056
2715100064
2715100082
2715100099
2715100103
2715100136
2716100058
2716100093
2717100024
2717100025
2717100054
2717100055
2717100063
2717100072
2717100100
2714100013
2714100145
2715100002
2715100020
2715100028
2715100031
2715100049
2715100092
2716100020
2716100022
2716100034
2716100046
2716100109
2716100148
2717100019
2717100021
2717100039
2717100041
2717100093
2717100701
2714100047
2714100082
2714100107
2715100019
2715100052
2715100062
2715100066
2715100108
2715100116
2715100129
2715100139
2716100065
2716100088
2716100097
2716100114
2716100134
2717100005
2717100067
2717100105
2717100109
2714100001
2714100014
2714100078
2714100086
2714100138
2715100016
2715100053
2715100085
2715100109
2715100128
2715100134
2716100104
2716100111
2716100112
2716100138
2716100144
2716100147
2717100013
2717100030
2717100065
2714100006
2714100012
2715100007
2715100046
2715100060
2715100080
2715100114
2716100036
2716100044
2716100053
2716100060
2716100091
2716100108
2716100141
2717100028
2717100048
2717100049
2717100064
2717100088
2717100107
261
262
263
264
265
266
267
268
269
270
271
2714100016
2714100068
2714100116
2714100122
2715100001
2715100045
2715100067
2715100097
2715100101
241
242
243
244
245
246
247
248
249
250
251
252
253
254
255
256
257
258
259
260
221
222
223
224
225
226
227
228
229
230
231
232
233
234
235
236
237
238
239
240
201
202
203
204
205
206
207
208
209
210
211
212
213
214
215
216
217
218
219
220
181
182
183
184
185
186
187
188
189
190
191
192
193
194
195
196
197
198
199
200
161
162
163
164
165
166
167
168
169
170
171
172
173
174
175
176
177
178
179
180
141
142
143
144
145
146
147
148
149
150
151
152
153
154
155
156
157
158
159
160
121
122
123
124
125
126
127
128
129
130
131
132
133
134
135
136
137
138
139
140
101
102
103
104
105
106
107
108
109
110
111
112
113
114
115
116
117
118
119
120
100
2713100021
2714100019
2714100073
2714100111
2714100112
2714100113
2714100144
2715100048
2715100059
2715100069
2715100083
2715100090
2716100018
2716100028
2716100073
2717100012
2717100033
2717100035
2717100038
2713100135
2714100114
2715100015
2715100042
2715100047
2715100094
2715100107
2715100112
2715100119
2715100137
2716100004
2716100021
2716100051
2716100064
2716100087
2717100011
2717100016
2717100018
2717100099
2717100106
2711100054
2711100133
2714100056
2714100072
2714100075
2714100109
2714100127
2715100012
2715100055
2715100071
2715100075
2715100122
2715100132
2716100002
2716100029
2716100128
2716100129
2717100022
2717100066
2717100068
21
22
23
24
25
26
27
2714100002
2714100017
2714100061
2715100021
2715100054
2715100078
2715100133
2716100037
2716100047
2716100076
2716100090
2716100105
2716100152
1
10
11
12
13
14
15
16
17
18
19
2
20
2712100091
2712100091
2713100118
2714100066
2714100088
2714100091
2714100102
2714100051
2715100057
2715100068
2715100070
2715100086
2715100102
2716100003
2716100008
2716100024
2716100025
2716100085
2717100031
2717100050
2717100097
361
362
363
364
365
366
2715100022
2715100025
2715100039
2715100113
2715100123
2716100014
2716100041
2716100054
2716100055
2716100057
2716100071
2716100075
2716100081
2716100102
2717100004
2717100023
2717100042
2717100051
2717100053
2717100069
2713100022
2714100052
2715100013
2715100026
2715100065
2715100110
2716100010
2716100027
2716100032
2716100035
2716100122
2717100009
2717100017
2717100026
2717100036
2717100045
2717100080
2717100101
2717100108
2717100110
2715100024
2715100063
2715100082
2715100099
2715100115
2715100117
2715100118
2715100136
2716100006
2716100026
2716100038
2716100086
2717100006
2717100007
2717100024
2717100025
2717100054
2717100057
2717100063
2717100072
2715100020
2715100028
2715100031
2715100049
2715100056
2715100064
2715100092
2715100103
2716100022
2716100034
2716100058
2716100093
2716100109
2716100148
2717100019
2717100021
2717100039
2717100055
2717100100
2717100701
261
262
263
264
265
266
267
268
269
270
271
2714100107
2715100002
2715100019
2715100052
2715100062
2715100066
2715100108
2715100116
2715100129
241
242
243
244
245
246
247
248
249
250
251
252
253
254
255
256
257
258
259
260
221
222
223
224
225
226
227
228
229
230
231
232
233
234
235
236
237
238
239
240
201
202
203
204
205
206
207
208
209
210
211
212
213
214
215
216
217
218
219
220
181
182
183
184
185
186
187
188
189
190
191
192
193
194
195
196
197
198
199
200
161
162
163
164
165
166
167
168
169
170
171
172
173
174
175
176
177
178
179
180
141
142
143
144
145
146
147
148
149
150
151
152
153
154
155
156
157
158
159
160
121
122
123
124
125
126
127
128
129
130
131
132
133
134
135
136
137
138
139
140
101
102
103
104
105
106
107
108
109
110
111
112
113
114
115
116
117
118
119
120
100
2711100134
2712100094
2712100094
2713100061
2714100021
2715100018
2715100030
2715100040
2715100087
2715100124
2716100049
2716100098
2716100107
2717100002
2717100079
2717100081
2717100096
2717100102
2717100103
2713100021
2715100010
2715100048
2715100059
2715100069
2715100083
2715100090
2715100137
2716100018
2716100028
2716100051
2716100073
2716100130
2717100012
2717100033
2717100038
2717100040
2717100061
2717100077
2717100106
2715100012
2715100015
2715100042
2715100047
2715100071
2715100094
2715100107
2715100112
2715100119
2715100122
2716100002
2716100004
2716100021
2716100064
2716100087
2716100128
2717100011
2717100016
2717100018
2717100099
21
22
23
24
25
26
27
2711100054
2711100133
2715100021
2715100054
2715100055
2715100075
2715100132
2715100133
2716100029
2716100037
2716100076
2716100129
2716100152
1
10
11
12
13
14
15
16
17
18
19
2
20
2713100118
2714100091
2715100006
2715100017
2715100061
2715100073
2715100078
161
162
163
164
165
166
167
168
169
170
171
172
173
3713100039
3714100023
3714100028
3714100032
3714100044
3714100054
3715100021
141
142
143
144
145
146
147
148
149
150
151
152
153
154
155
156
157
158
159
160
121
122
123
124
125
126
127
128
129
130
131
132
133
134
135
136
137
138
139
140
101
102
103
104
105
106
107
108
109
110
111
112
113
114
115
116
117
118
119
120
100
3714100004
3714100007
3714100008
3714100017
3714100039
3714100045
3714100052
3714100058
3714100061
3715100039
3715100044
3715100050
3716100005
3716100015
3716100017
3716100021
3716100022
3716100033
3716100035
3714100011
3714100027
3714100037
3714100040
3714100056
3714100059
3714100060
3715100003
3715100004
3715100009
3715100011
3715100016
3715100019
3715100020
3715100028
3715100033
3715100037
3715100043
3715100053
3716100009
3714100018
3714100031
3714100036
3714100041
3714100043
3714100046
3714100062
3714100066
3715100005
3715100018
3715100022
3715100024
3715100034
3715100040
3715100055
3716100002
3716100025
3716100027
3716100048
3716100049
21
22
23
24
25
26
27
28
29
30
31
32
33
34
35
36
37
3714100003
3714100009
3714100012
1
10
11
12
13
14
15
16
17
18
19
2
20
3
3714100001
3714100010
3714100022
3714100033
3714100042
3714100067
221
222
223
224
225
226
3713100039
3713100701
3714100023
3715100008
3716100012
3716100043
YOLANDA MUSTIKA BOHAL
YUDI RAHMAT PRATAMA
YURI SYAHWIRAWAN
YUSRIL MUZAKKI
YUSUF SYIFAURROHMAN
Yuan Wahyu Pratama Aji
201
202
203
204
205
206
207
208
209
210
211
212
213
214
215
216
217
218
219
220
181
182
183
184
185
186
187
188
189
190
191
192
193
194
195
196
197
198
199
200
161
162
163
164
165
166
167
168
169
170
171
172
173
174
175
176
177
178
179
180
141
142
143
144
145
146
147
148
149
150
151
152
153
154
155
156
157
158
159
160
121
122
123
124
125
126
127
128
129
130
131
132
133
134
135
136
137
138
139
140
101
102
103
104
105
106
107
108
109
110
111
112
113
114
115
116
117
118
119
120
100
3713100003
3713100007
3713100016
3713100028
3713100030
3713100046
3714100011
3714100037
3714100040
3714100059
3714100060
3715100004
3715100009
3715100016
3715100020
3715100033
3715100043
3715100053
3716100009
3713100017
3713100022
3713100026
3713100033
3713100042
3713100047
3713100051
3714100027
3714100031
3714100036
3714100046
3714100062
3715100005
3715100011
3715100024
3715100034
3715100037
3715100040
3716100002
3716100027
3713100023
3713100052
3713100054
3714100003
3714100018
3714100021
3714100025
3714100041
3714100043
3714100066
3715100002
3715100012
3715100018
3715100022
3715100055
3716100025
3716100048
3716100049
3716100065
3716100067
21
22
23
24
25
26
27
28
29
30
31
32
33
34
35
36
37
3713100014
3713100021
3713100025
1
10
11
12
13
14
15
16
17
18
19
2
20
3
3713100006
3713100019
3713100024
3714100001
3714100022
3714100033
2314100147
2315100021
2315100063
2316100019
2316100133
2316106026
2317100054
521
522
523
524
525
526
527
YONATHAN
YUAN ANZAL RAMADHAN
YUSRIL EKA FAHRIZAL
YUSRIL IHZA SATRIA
Yulian Naufal Ariq
Yusuf Anggoro Wicaksono
2311100148
2314100051
2314100149
2315100007
2315100022
2315100027
2315100043
2315100110
2315100127
2315100148
2316100027
2316100094
2316100096
2316106003
2317100043
2317100056
2317100061
2317100094
2317105014
2317105017
2311100046
2313100095
2313100095
2315100025
2315100034
2315100039
2315100059
2315100121
2315100123
2316100011
2316100078
2316100089
2316100095
2316100159
2316106019
2316106022
2316106035
2317100120
2317105001
2317105018
2315100047
2315100095
2316100018
2316100023
2316100052
2316100053
2316100099
2316100162
2316106009
2317100011
2317100015
2317100020
2317100047
2317100072
2317100073
2317100087
2317100111
2317100118
2317105002
2317105021
2315100008
2315100011
2315100053
2315100061
2315100080
2315100094
2315100144
2316100006
2316100020
2316100021
2316100110
2316100128
2316106027
2316106042
2317100026
2317100082
2317100090
2317100099
2317100112
2317100125
2314100020
2315100037
2315100071
2315100075
2315100102
2315100701
2316100046
2316100047
2316100086
2316100102
2316100130
2316106014
2316106015
2316106028
2316106038
2316106043
2317100070
2317100117
2317100144
2317105007
2315100032
2315100051
2315100067
2315100087
2315100096
2316100032
2316100042
2316100048
2316100064
2316100073
2316100084
2316100134
2316106017
2317100042
2317100068
2317100098
2317100145
2317105006
2317105009
2317105016
2314100049
2315100035
2315100070
2315100078
2315100104
2315100118
2315100146
2315100154
2316100016
2316100060
2316100077
2316100088
2316100109
2316100122
2316100701
2316106039
2317100014
2317100027
2317100039
2317100064
2314100156
2315100026
2315100058
2315100109
2316100017
2316100062
2316100080
2316100119
2316100129
2316100132
2316100161
2316100176
2316106016
2316106034
2317100013
2317100069
2317100110
2317100135
2317100137
2317105012
2315100009
2315100019
2315100044
2315100073
2315100077
2315100089
2315100131
2316100004
2316100026
2316100039
2316100072
2316100087
2316100093
2316100160
2316100177
2317100038
2317100066
2317100074
2317100139
2317100701
2313100118
2313100118
2314100111
2315100016
2315100028
2315100065
2315100085
2315100136
2315100142
2315100152
2315100156
2316100014
2316100024
2316100028
2316100037
2316100140
2317100092
2317100103
2317100116
2317100133
2315100001
2315100003
2315100048
2315100120
2315100139
2315100155
2316100030
2316100040
2316100083
2316100101
2316100113
2316100120
2316100131
2316100158
2316100166
2316106004
2316106010
2316106046
2317100003
2317100083
2314100004
2315100010
2315100017
2315100052
2315100062
2315100112
2315100147
2316100005
2316100013
2316100033
2316100076
2316100127
2316100171
2316106032
2317100005
2317100037
2317100040
2317100059
2317100063
2317100096
2314100033
2315100128
2315100133
2316100022
2316100056
2316100092
2316100135
2316100136
2316100170
2316106049
2317100006
2317100017
2317100053
2317100067
2317100085
2317100091
2317100102
2317100104
2317100138
2317105011
2313100148
2313100148
2315100020
2315100036
2315100076
2315100091
2315100100
2315100132
2315100140
2315100143
2316100041
2316100163
2316100165
2316100172
2316106002
2316106036
2316106041
2317100084
2317100121
2317100131
221
222
223
224
225
226
227
228
229
230
231
2314100015
2314100133
2315100033
2315100060
2315100066
2316100025
2316100031
2316100034
2316100043
201
202
203
204
205
206
207
208
209
210
211
212
213
214
215
216
217
218
219
220
181
182
183
184
185
186
187
188
189
190
191
192
193
194
195
196
197
198
199
200
161
162
163
164
165
166
167
168
169
170
171
172
173
174
175
176
177
178
179
180
141
142
143
144
145
146
147
148
149
150
151
152
153
154
155
156
157
158
159
160
121
122
123
124
125
126
127
128
129
130
131
132
133
134
135
136
137
138
139
140
101
102
103
104
105
106
107
108
109
110
111
112
113
114
115
116
117
118
119
120
100
2314100009
2314100056
2315100055
2315100057
2315100093
2315100117
2316100001
2316100075
2316100100
2316106007
2316106030
2316106044
2317100023
2317100062
2317100086
2317100128
2317105010
2317105015
2317105019
2315100054
2315100056
2315100082
2316100007
2316100009
2316100010
2316100045
2316100050
2316100125
2316100137
2316100138
2316100168
2316106012
2316106037
2316106051
2317100001
2317100113
2317100132
2317105008
2317105013
2315100004
2315100006
2315100081
2315100111
2315100115
2316100008
2316100063
2316100071
2316100081
2316100126
2316100178
2316106006
2316106048
2317100010
2317100021
2317100049
2317100071
2317100076
2317100081
2317100142
21
22
23
2314100124
2315100015
2315100038
2315100074
2315100092
2315100103
2315100124
2315100125
2315100126
2315100137
2315100141
2316100054
2316100098
2316106001
2316106008
2316106029
2316106031
1
10
11
12
13
14
15
16
17
18
19
2
20
2315100024
2315100049
2315100097
2315100105
2315100116
2315100129
2316100015
2316105018
2316106026
681
682
ZANDHIKA ALFI PRATAMA
ZELIKA NIDYA DAMARANI
2311100148
2312100006
2312100006
2314100051
2314100060
2314100075
2314100113
2314100123
2314100147
2315100021
2315100043
2315100063
2315100148
2316100019
2316100027
2316100096
2316100133
2316105003
2317100043
2317100054
2314100007
2314100108
2314100149
2315100007
2315100022
2315100027
2315100110
2315100127
2316100078
2316100094
2316105001
2316106003
2316106022
2317100056
2317100061
2317100094
2317100120
2317105001
2317105014
2317105017
2311100046
2313100095
2314100039
2314100072
2314100090
2314100091
2314100132
2315100025
2315100034
2315100039
2315100059
2315100121
2315100123
2316100011
2316100089
2316100095
2316100159
2316106019
2316106035
2317105018
2311100011
2314100003
2314100010
2314100018
2314100041
2314100139
2314100155
2315100047
2316100018
2316100053
2316100099
2316106009
2317100011
2317100015
2317100020
2317100087
2317100111
2317100118
2317105002
2317105021
2314100002
2314100112
2314100126
2315100008
2315100095
2316100020
2316100021
2316100023
2316100052
2316100128
2316100162
2316105005
2316106027
2316106042
2317100026
2317100047
2317100072
2317100073
2317100090
2317100112
2313100067
2313100067
2314100006
2314100012
2314100036
2314100103
2314100701
2315100011
2315100053
2315100061
2315100080
2315100094
2315100144
2316100006
2316100110
2316106038
2317100055
2317100082
2317100099
2317100125
2314100020
2314100021
2314100028
2314100035
2314100081
2314100110
2314100136
2315100037
2315100071
2315100075
2315100701
2316100086
2316100102
2316106014
2316106015
2316106028
2316106043
2317100070
2317100144
2317105007
2314100022
2314100032
2314100058
2314100066
2314100076
2314100098
2314100134
2315100051
2315100067
2315100102
2316100032
2316100046
2316100047
2316100073
2316100130
2316100134
2316106017
2317100042
2317100098
2317100117
2314100045
2314100097
2314100140
2314100141
2314100150
2314100158
2315100032
2315100087
2315100096
2316100016
2316100042
2316100048
2316100064
2316100084
2316105019
2317100068
2317100145
2317105006
2317105009
2317105016
2314100026
2314100047
2314100049
2314100050
2314100069
2314100078
2314100154
2315100035
2315100070
2315100078
2315100104
2315100118
2315100146
2315100154
2316100088
2316106039
2317100014
2317100027
2317100039
2317100064
2314100001
2314100042
2314100059
2315100026
2315100058
2315100109
2316100017
2316100060
2316100077
2316100109
2316100122
2316100129
2316100132
2316100701
2316106034
2317100008
2317100013
2317100110
2317100135
2317100137
2314100116
2314100156
2315100009
2315100019
2315100073
2315100077
2315100089
2316100004
2316100026
2316100062
2316100072
2316100080
2316100087
2316100119
2316100161
2316100176
2316106016
2317100038
2317100069
2317105012
2313100118
2313100118
2314100031
2314100038
2315100028
2315100044
2315100131
2315100152
2316100024
2316100037
2316100039
2316100093
2316100140
2316100160
2316100177
2317100066
2317100074
2317100103
2317100139
2317100701
2314100005
2314100016
2314100053
2314100062
2314100111
2314100148
2315100016
2315100065
2315100085
2315100136
2315100142
2315100156
2316100014
2316100028
2316100030
2316100106
2316105008
2317100092
2317100116
2317100133
2314100014
2314100102
2315100001
2315100003
2315100048
2315100120
2315100155
2316100040
2316100083
2316100101
2316100113
2316100120
2316100131
2316100158
2316100166
2316105012
2316106004
2316106010
2317100003
2317100083
2314100004
2314100025
2314100034
2314100084
2314100138
2314100151
2315100112
2315100139
2315100147
2316100076
2316100127
2316100171
2316105002
2316106032
2316106046
2317100005
2317100037
2317100040
2317100059
2317100063
2314100017
2314100019
2314100033
2314100082
2314100095
2314100096
2314100119
2315100010
2315100017
2315100052
2315100062
2315105008
2316100005
2316100013
2316100022
2316100033
2316100135
2317100006
2317100096
2317105011
2314100044
2314100128
2315100076
2315100128
2315100133
2316100056
2316100092
2316100136
2316100165
2316100170
2316105014
2316106049
2317100017
2317100053
2317100067
2317100085
2317100091
2317100102
2317100104
2317100138
2313100148
2313100148
2314100030
2314100043
2314100086
2314100093
2314100137
2314100144
2315100036
2315100091
2315100100
2315100132
2315100140
2315100143
2316100163
2316100172
2316106036
2317100084
2317100121
2317100131
2314100046
2314100068
2314100121
2314100133
2315100020
2315100033
2315100060
2316100031
2316100041
2316100043
2316100090
2316100105
2316100108
2316106002
2316106041
2316106045
2317100028
2317100078
2317100089
2317100101
2314100015
2314100057
2315100046
2315100066
2316100025
2316100034
2316100038
2316100049
2316100055
2316100057
2316100082
2316100121
2316100124
2316100167
2316105017
2316106024
2317100036
2317100060
2317100097
2317105004
2314100077
2314100118
2314100142
2315100130
2315100145
2316100036
2316100061
2316100097
2316100164
2316105006
2316106005
2317100016
2317100022
2317100029
2317100108
2317100109
2317100115
2317100119
2317100126
2317100141
221
222
223
224
225
226
227
228
229
230
231
2311100161
2314100065
2314100083
2314100089
2315100018
2315100023
2315100042
2315100101
2315100113
201
202
203
204
205
206
207
208
209
210
211
212
213
214
215
216
217
218
219
220
181
182
183
184
185
186
187
188
189
190
191
192
193
194
195
196
197
198
199
200
161
162
163
164
165
166
167
168
169
170
171
172
173
174
175
176
177
178
179
180
141
142
143
144
145
146
147
148
149
150
151
152
153
154
155
156
157
158
159
160
121
122
123
124
125
126
127
128
129
130
131
132
133
134
135
136
137
138
139
140
101
102
103
104
105
106
107
108
109
110
111
112
113
114
115
116
117
118
119
120
100
2314100040
2314100073
2314100074
2315100054
2315100082
2316100001
2316100007
2316100010
2316100045
2316100125
2316100138
2316106012
2316106037
2316106051
2317100023
2317100113
2317100132
2317105008
2317105013
2314100087
2314100100
2315100006
2315100056
2315100081
2315100115
2316100009
2316100050
2316100063
2316100081
2316100126
2316100137
2316100168
2316105020
2316106006
2316106048
2317100001
2317100049
2317100071
2317100142
2314100023
2314100052
2314100054
2314100064
2314100071
2315100004
2315100015
2315100092
2315100103
2315100111
2315100125
2315100141
2316100008
2316100071
2316100178
2316105009
2317100010
2317100021
2317100076
2317100081
21
22
23
2314100107
2314100124
2315100038
2315100074
2315100124
2315100126
2315100129
2315100137
2316100054
2316100059
2316100098
2316100103
2316100112
2316106001
2316106008
2316106029
2316106031
1
10
11
12
13
14
15
16
17
18
19
2
20
2314100080
2314100088
2314100099
2314100127
2315100024
2315100049
2315100097
04311740000070
301
302
303
304
4315100135
4315100149
4316100049
YUSUF ARIADNA KANANTYO
YUSUF FAHDHIA MAHENDRASTAMA
ZAHRA AISYIYAH RAHAYU
ZULLIAN ZULFIKAR HAFIZ
04311740000020
04311740000043
04311740000106
04311740000112
281
282
283
284
285
286
287
288
289
290
291
292
293
294
295
296
04311740000007
04311740000010
04311740000022
04311740000068
04311740000090
04311740000105
261
262
263
264
265
266
267
268
269
270
271
272
273
274
04311740000052
04311740000064
04311740000066
04311740000073
04311740000078
04311740000082
04311740000100
04311740000104
241
242
243
244
245
246
247
248
249
250
251
252
04311740000019
04311740000023
04311740000028
04311740000049
04311740000087
04311740000088
04311740000111
221
222
223
224
225
226
227
228
229
230
231
232
233
04311740000006
04311740000017
04311740000027
04311740000047
04311740000053
04311740000084
04311740000102
201
202
203
204
205
206
207
208
209
210
211
212
213
04311740000001
04311740000036
04311740000042
04311740000045
04311740000058
04311740000059
04311740000072
04311740000099
04311740000103
04311740000115
181
182
183
184
185
186
187
188
189
190
04311740000005
04311740000046
04311740000067
04311740000079
04311740000114
161
162
163
164
165
166
167
168
169
170
171
172
173
174
175
04311740000004
04311740000016
04311740000025
04311740000056
04311740000080
04311740000098
04311740000107
04311740000108
04311740007001
141
142
143
144
145
146
147
148
149
150
151
04311740000029
04311740000034
04311740000037
04311740000041
04311740000074
04311740000091
04311740000109
04311740000110
04311740000113
121
122
123
124
125
126
127
128
129
130
131
04311740000012
04311740000013
04311740000039
04311740000050
04311740000051
04311740000063
101
102
103
104
105
106
107
108
109
110
111
112
113
114
04311740000003
04311740000015
04311740000083
04311740000086
100
4312100102
4313100024
4314100005
4314100051
4314100110
4315100055
4315100079
4315100111
4315100134
4316100022
4316100035
4316100054
4316100068
4316100110
4316100127
04311740000008
04311740000011
04311740000033
04311740000040
04311740000085
04311740000101
4310100052
4313100034
4314100102
4315100018
4315100103
4315100128
4316100016
4316100017
4316100021
4316100023
4316100113
4316100125
4316100137
4317100096
04311740000069
04311740000093
04311740000094
41
42
43
4312100042
4313100110
4314100123
4315100058
4315100071
4315100087
4315100118
4316100011
4316100020
4316100036
4316100063
4316100065
4316100076
4316100091
04311740000002
04311740000018
04311740000038
04311740000061
04311740000081
04311740000097
21
22
23
24
25
26
27
28
29
30
31
32
33
34
04311740000009
04311740000026
04311740000048
04311740000057
04311740000060
04311740000071
04311740000089
04311740000095
1
10
11
12
13
14
15
16
17
18
19
2
421
4315100149
ZULLIAN ZULFIKAR HAFIZ
401
402
403
404
405
406
407
408
409
410
411
412
413
414
415
416
417
418
419
420
381
382
383
384
385
386
387
388
389
390
391
392
393
394
395
396
397
398
399
400
361
362
363
364
365
366
367
368
369
370
371
372
373
374
375
376
377
378
379
380
341
342
343
344
345
346
347
348
349
350
351
352
353
354
355
356
357
358
359
360
321
322
323
324
325
326
327
328
329
330
331
332
333
334
335
336
337
338
339
340
301
302
303
304
305
306
307
308
309
310
311
312
313
314
315
316
317
318
319
320
281
282
283
284
285
286
287
288
289
290
291
292
293
294
295
296
297
298
299
300
261
262
263
264
265
266
267
268
269
270
271
272
273
274
275
276
277
278
279
280
241
242
243
244
245
246
247
248
249
250
251
252
253
254
255
256
257
258
259
260
221
222
223
224
225
226
227
228
229
230
231
232
233
234
235
236
237
238
239
240
201
202
203
204
205
206
207
208
209
210
211
212
213
214
215
216
217
218
219
220
181
182
183
184
185
186
187
188
189
190
191
192
193
194
195
196
197
198
199
200
161
162
163
164
165
166
167
168
169
170
171
172
173
174
175
176
177
178
179
180
141
142
143
144
145
146
147
148
149
150
151
152
153
154
155
156
157
158
159
160
121
122
123
124
125
126
127
128
129
130
131
132
133
134
135
136
137
138
139
140
101
102
103
104
105
106
107
108
109
110
111
112
113
114
115
116
117
118
119
120
100
4310100082
4313100110
4314100048
4314100123
4314100136
4314100139
4315100013
4315100018
4315100023
4315100076
4315100080
4315100103
4315100106
4315100128
4315100147
4316100016
4316100017
4316100023
4316100076
4312100042
4313100068
4313100128
4314100079
4314100097
4314100099
4314100127
4315100011
4315100058
4315100071
4315100087
4315100108
4315100118
4315100129
4316100011
4316100020
4316100036
4316100063
4316100091
4316100093
41
42
43
4312100005
4314100006
4314100023
4314100038
4314100039
4314100101
4314100142
4315100030
4315100032
4315100038
4315100081
4316100005
4316100012
4316100024
4316100032
4316100041
4316100045
21
22
23
24
25
26
27
28
29
30
31
32
33
34
35
36
37
38
39
40
1
10
11
12
13
14
15
16
17
18
19
2
20
3
4
4311100026
4312100075
4313100101
4314100002
4314100011
2515100001
2515100007
2515100017
2515100030
2515100036
2515100039
2515100047
2515100062
2515100082
2515100109
2515100126
2516100021
2516100025
2516100086
2516100115
2516100116
341
342
343
344
2514100053
2515100008
2515100022
2515100029
2515100031
2515100073
2515100084
2515100096
2515100119
2516100007
2516100066
2516100067
2516100072
2516100101
2516100109
2516100111
2516100128
2516100145
2516100177
2516100190
2513100134
2515100004
2515100021
2515100040
2515100099
2515100106
2515100117
2516100042
2516100069
2516100079
2516100089
2516100091
2516100092
2516100099
2516100108
2516100132
2516100134
2516100138
2516100147
2516100215
2513100146
2514100016
2515100013
2515100049
2515100057
2515100091
2515100100
2516100012
2516100047
2516100051
2516100064
2516100073
2516100078
2516100103
2516100121
2516100136
2516100156
2516100163
2516100169
2516100185
2512100072
2514100116
2515100041
2515100054
2515100079
2515100080
2515100105
2515100108
2515100111
2516100002
2516100019
2516100038
2516100056
2516100057
2516100058
2516100061
2516100088
2516100166
2516100182
2516100208
241
242
243
244
245
246
247
248
249
250
251
2513100042
2513100141
2514100086
2514100102
2515100005
2515100006
2515100016
2515100037
2515100061
221
222
223
224
225
226
227
228
229
230
231
232
233
234
235
236
237
238
239
240
201
202
203
204
205
206
207
208
209
210
211
212
213
214
215
216
217
218
219
220
181
182
183
184
185
186
187
188
189
190
191
192
193
194
195
196
197
198
199
200
161
162
163
164
165
166
167
168
169
170
171
172
173
174
175
176
177
178
179
180
141
142
143
144
145
146
147
148
149
150
151
152
153
154
155
156
157
158
159
160
121
122
123
124
125
126
127
128
129
130
131
132
133
134
135
136
137
138
139
140
101
102
103
104
105
106
107
108
109
110
111
112
113
114
115
116
117
118
119
120
100
2513100110
2513100126
2514100131
2515100019
2515100028
2515100035
2515100044
2515100052
2515100053
2515100074
2515100077
2515100081
2515100092
2515100704
2516100004
2516100043
2516100082
2516100113
2516100125
2512100100
2512101014
2515100014
2515100043
2515100051
2515100086
2515100102
2516100010
2516100032
2516100040
2516100044
2516100045
2516100065
2516100080
2516100097
2516100126
2516100137
2516100143
2516100175
2516100211
2514100708
2515100012
2515100025
2515100032
2515100033
2515100042
2515100060
2515100075
2515100097
2515100103
2516100027
2516100053
2516100104
2516100142
2516100164
2516100171
2516100174
2516100176
2516100178
2516100193
21
22
23
24
25
2511100079
2513100168
2513100182
2514100135
2515100020
2515100058
2515100065
2515100070
2515100072
2515100078
2515100085
2516100008
2516100049
2516100052
2516100081
1
10
11
12
13
14
15
16
17
18
19
2
20
2512100064
2514100704
2515100009
2515100018
2515100055
2515100064
2515100087
