2213100116
2213100116
2213100120
2213100120
2213100122
2213100122
2213100128
2213100128
2213100133
2213100133
2213100140
2213100140
2213100144
2213100144
2213100146
2213100146
2213100161
2213100161
2213100162
2213100162
2213100167
2213100167
2213100170
2213100170
2213100171
2213100171
2213100181
2213100181
2213100185
2213100185
2214100004
2214100004
2214100010
2214100010
2214100013
2214100013
2214100014
2214100014
2214100015
2214100015
2214100016
2214100016
2214100018
2214100018
2214100023
2214100023
2214100024
2214100024
2214100030
2214100030
2214100031
2214100031
2214100040
2214100040
2214100043
2214100043
2214100045
2214100045
2214100048
2214100048
2214100052
2214100052
2214100054
2214100054
2214100063
2214100063
2214100066
2214100066
2214100072
2214100072
2214100073
2214100073
2214100078
2214100078
2214100084
2214100084
2214100091
2214100091
2214100092
2214100092
2214100094
2214100094
2214100095
2214100095
2214100096
2214100096
2214100097
2214100097
2214100100
2214100100
2214100106
2214100106
2214100116
2214100116
2214100119
2214100119
2214100122
2214100122
2214100123
2214100123
2214100124
2214100124
2214100125
2214100125
2214100133
2214100133
2214100143
2214100143
2214100146
2214100146
2214100150
2214100150
2214100151
2214100151
2214100154
2214100154
2214100157
2214100157
2214100161
2214100161
2214100164
2214100164
2214100165
2214100165
2214100170
2214100170
2214100180
2214100180
2214100181
2214100181
2214100190
2214100190
2214100203
2214100203
2214100701
2214100701
2214100705
2214100705
2214105042
2214105042
2214105083
2214105083
2215100001
2215100001
2215100002
2215100002
2215100003
2215100003
2215100005
2215100005
2215100007
2215100007
2215100012
2215100012
2215100013
2215100013
2215100015
2215100015
2215100016
2215100016
2215100018
2215100018
2215100019
2215100019
2215100020
2215100020
2215100021
2215100021
2215100022
2215100022
2215100024
2215100024
2215100025
2215100025
2215100026
2215100026
2215100027
2215100027
2215100028
2215100028
2215100029
2215100029
2215100030
2215100030
2215100031
2215100031
2215100032
2215100032
2215100033
2215100033
2215100034
2215100034
2215100036
2215100036
2215100037
2215100037
2215100038
2215100038
2215100040
2215100040
2215100041
2215100041
2215100042
2215100042
2215100044
2215100044
2215100046
2215100046
2215100047
2215100047
2215100048
2215100048
2215100050
2215100050
2215100055
2215100055
2215100056
2215100056
2215100057
2215100057
2215100058
2215100058
2215100059
2215100059
2215100060
2215100060
2215100061
2215100061
2215100062
2215100062
2215100063
2215100063
2215100064
2215100064
2215100065
2215100065
2215100071
2215100071
2215100072
2215100072
2215100074
2215100074
2215100075
2215100075
2215100076
2215100076
2215100077
2215100077
2215100078
2215100078
2215100079
2215100079
2215100081
2215100081
2215100082
2215100082
2215100083
2215100083
2215100084
2215100084
2215100086
2215100086
2215100087
2215100087
2215100088
2215100088
2215100089
2215100089
2215100091
2215100091
2215100092
2215100092
2215100094
2215100094
2215100095
2215100095
2215100096
2215100096
2215100100
2215100100
2215100101
2215100101
2215100103
2215100103
2215100104
2215100104
2215100107
2215100107
2215100108
2215100108
2215100110
2215100110
2215100111
2215100111
2215100113
2215100113
2215100114
2215100114
2215100115
2215100115
2215100117
2215100117
2215100119
2215100119
2215100122
2215100122
2215100124
2215100124
2215100125
2215100125
2215100126
2215100126
2215100128
2215100128
2215100130
2215100130
2215100131
2215100131
2215100134
2215100134
2215100135
2215100135
2215100136
2215100136
2215100138
2215100138
2215100139
2215100139
2215100140
2215100140
2215100141
2215100141
2215100142
2215100142
2215100143
2215100143
2215100144
2215100144
2215100145
2215100145
2215100148
2215100148
2215100150
2215100150
2215100151
2215100151
2215100152
2215100152
2215100153
2215100153
2215100155
2215100155
2215100701
2215100701
2215100702
2215100702
2215100703
2215100703
2215100704
2215100704
2215100705
2215100705
2215100706
2215100706
2215105031
2215105031
2215105049
2215105049
2216100006
2216100006
2216100008
2216100008
2216100009
2216100009
2216100011
2216100011
2216100013
2216100013
2216100014
2216100014
2216100015
2216100015
2216100018
2216100018
2216100020
2216100020
2216100021
2216100021
2216100022
2216100022
2216100023
2216100023
2216100027
2216100027
2216100029
2216100029
2216100031
2216100031
2216100032
2216100032
2216100033
2216100033
2216100034
2216100034
2216100035
2216100035
2216100036
2216100036
2216100039
2216100039
2216100040
2216100040
2216100041
2216100041
2216100042
2216100042
2216100043
2216100043
2216100044
2216100044
2216100047
2216100047
2216100052
2216100052
2216100053
2216100053
2216100055
2216100055
2216100056
2216100056
2216100057
2216100057
2216100058
2216100058
2216100061
2216100061
2216100062
2216100062
2216100063
2216100063
2216100064
2216100064
2216100065
2216100065
2216100066
2216100066
2216100067
2216100067
2216100070
2216100070
2216100072
2216100072
2216100074
2216100074
2216100075
2216100075
2216100077
2216100077
2216100078
2216100078
2216100080
2216100080
2216100081
2216100081
2216100083
2216100083
2216100085
2216100085
2216100086
2216100086
2216100087
2216100087
2216100090
2216100090
2216100091
2216100091
2216100094
2216100094
2216100095
2216100095
2216100096
2216100096
2216100097
2216100097
2216100098
2216100098
2216100100
2216100100
2216100101
2216100101
2216100102
2216100102
2216100104
2216100104
2216100105
2216100105
2216100106
2216100106
2216100108
2216100108
2216100111
2216100111
2216100113
2216100113
2216100115
2216100115
2216100116
2216100116
2216100117
2216100117
2216100119
2216100119
2216100120
2216100120
2216100123
2216100123
2216100124
2216100124
2216100127
2216100127
2216100133
2216100133
2216100134
2216100134
2216100135
2216100135
2216100136
2216100136
2216100138
2216100138
2216100139
2216100139
2216100142
2216100142
2216100143
2216100143
2216100144
2216100144
2216100146
2216100146
2216100147
2216100147
2216100149
2216100149
2216100150
2216100150
2216100151
2216100151
2216100153
2216100153
2216100154
2216100154
2216100158
2216100158
2216100161
2216100161
2216100162
2216100162
2216100164
2216100164
2216100165
2216100165
2216100166
2216100166
2216100167
2216100167
2216100701
2216100701
2216105002
2216105002
2216105003
2216105003
2216105004
2216105004
2216105006
2216105006
2216105009
2216105009
2216105024
2216105024
2216105030
2216105030
2216105031
2216105031
2216105050
2216105050
2216105081
2216105081
2217100144
2217100144
2217105001
2217105001
2217105003
2217105003
2217105007
2217105007
2217105023
2217105023
2217105024
2217105024
2217105026
2217105026
2217105029
2217105029
2217105030
2217105030
2217105031
2217105031
2217105032
2217105032
2217105033
2217105033
2217105034
2217105034
2217105036
2217105036
2217105037
2217105037
2217105040
2217105040
2217105041
2217105041
2217105045
2217105045
2217105046
2217105046
2217105049
2217105049
2217105051
2217105051
2217105052
2217105052
2217105053
2217105053
2217105056
2217105056
2217105059
2217105059
2217105063
2217105063
2217105065
2217105065
2217105066
2217105066
2217105067
2217105067
2217105068
2217105068
2217105069
2217105069
2217105071
2217105071
2217105072
2217105072
2217105077
2217105077
2217105078
2217105078
2217105079
2217105079
2217105082
2217105082
2217105083
2217105083
2217105084
2217105084
2217105085
2217105085
2411100010
2411100010
2412100030
2412100030
2412100033
2412100033
2412100062
2412100062
2412100096
2412100096
2412100098
2412100098
2412100115
2412100118
2412100125
2413100075
2413100087
2413100090
2413100092
2413100098
2413100101
2413100102
2413100129
2413100135
2413100138
2414100009
2414100029
2414100067
2414100079
2414100084
2414100086
2414100097
2414100102
2414100103
2414100105
2414100107
2414100112
2415100001
2415100007
2415100008
2415100010
2415100011
2415100012
2415100015
2415100016
2415100017
2415100018
2415100019
2415100022
2415100023
2415100024
2415100025
2415100028
2415100031
2415100032
2415100034
2415100035
2415100036
2415100037
2415100039
2415100044
2415100045
2415100048
2415100049
2415100050
2415100051
2415100052
2415100053
2415100055
2415100056
2415100058
2415100062
2415100066
2415100067
2415100069
2415100073
2415100074
2415100075
2415100076
2415100079
2415100080
2415100081
2415100084
2415100085
2415100086
2415100087
2415100089
2415100090
2415100091
2415100092
2415100093
2415100094
2415100096
2415100097
2415100098
2415100101
2415100102
2415100104
2415100105
2415100106
2415100110
2415100111
2415100114
2415100116
2415100119
2415100120
2415100121
2415100122
2415100127
2416100001
2416100002
2416100003
2416100004
2416100005
2416100007
2416100008
2416100009
2416100011
2416100012
2416100013
2416100015
2416100016
2416100017
2416100019
2416100020
2416100026
2416100027
2416100028
2416100029
2416100030
2416100032
2416100033
2416100036
2416100037
2416100038
2416100039
2416100040
2416100041
2416100042
2416100044
2416100045
2416100046
2416100047
2416100050
2416100051
2416100054
2416100056
2416100058
2416100059
2416100060
2416100061
2416100062
2416100063
2416100065
2416100066
2416100068
2416100069
2416100071
2416100073
2416100074
2416100077
2416100078
2416100081
2416100082
2416100083
2416100087
2416100089
2416100090
2416100091
2416100093
2416100094
2416100095
2416100098
2416100099
2416100100
2416100102
2416100104
2416100105
2416100107
2416100108
2416100109
2416100111
2416100114
2416100118
2416100119
2416100127
2416100129
2416100130
2416100131
2416100133
2416100134
2416100135
2416100137
2416100138
2416100140
2416100141
2416100143
2416100144
2416100146
2416100147
2416100149
2416100151
2416100152
2416100154
2416100156
2416100158
2416100162
2416105041
2416105043
2417100002
2417100003
2417100008
2417100009
2417100011
2417100012
2417100013
2417100015
2417100016
2417100019
2417100021
2417100022
2417100023
2417100024
2417100025
2417100026
2417100029
2417100030
2417100031
2417100032
2417100034
2417100035
2417100039
2417100040
2417100042
2417100043
2417100044
2417100046
2417100048
2417100049
2417100050
2417100051
2417100052
2417100054
2417100056
2417100057
2417100058
2417100059
2417100063
2417100065
2417100067
2417100069
2417100072
2417100073
2417100079
2417100080
2417100081
2417100082
2417100083
2417100086
2417100087
2417100088
2417100089
2417100092
2417100093
2417100095
2417100097
2417100099
2417100100
2417100101
2417100102
2417100103
2417100105
2417100106
2417100107
2417100108
2417100109
2417100111
2417100112
2417100113
2417100114
2417100115
2417100117
2417100118
2417100119
2417100120
2417100121
2417100122
2417100124
2417100126
2417100127
2417100701
2417105001
2417105003
2417105004
2417105005
2417105006
2417105007
2417105008
2417105009
2417105010
2417105011
2417105012
2417105013
2417105014
2417105015
2417105017
2417105018
2417105019
2417105020
2417105022
2417105023
2417105024
2417105025
2417105026
2417105027
2417105028
2417105030
2417105032
2417105033
2417105035
2417105037
2417105039
2417105040
2417105045
2417105046
2417105047
2417105048
2417105049
2417105050
2417105056
2814100012
2814100026
2814100037
2814100038
2815100003
2815100004
2815100005
2815100007
2815100008
2815100009
2815100014
2815100019
2815100020
2815100023
2815100025
2815100026
2815100027
2815100030
2815100032
2815100034
2815100040
2815100041
2815100042
2815100043
2815100049
2815100050
2815100051
2815100052
2815100055
2815100056
2815100057
2815100058
2815100060
2815100063
2815100068
2815100075
2815100076
2815100079
2815100083
2815100085
2815100086
2815100087
2815100089
2815100090
2815100094
2815100097
2815100100
2815100102
2816100002
2816100004
2816100005
2816100007
2816100009
2816100010
2816100013
2816100014
2816100015
2816100016
2816100018
2816100019
2816100020
2816100025
2816100027
2816100028
2816100031
2816100033
2816100035
2816100042
2816100046
2816100049
2816100050
2816100051
2816100057
2816100060
2816100062
2816100063
2816100070
2816100071
2816100087
2816100090
2816100096
2816100097
2816100101
2816100102
2816100103
2816100105
2816100107
2816100110
2816100125
2817100012
2817100032
2817100038
2817100040
2817100048
2817100049
2817100052
2817100057
2817100060
2817100061
2817100064
2817100067
2817100072
2817100074
2817100078
2817100079
2817100088
2817100092
2817100094
2817100095
2817100096
2817100097
2817100101
2817100106
2817100110
2817100112
3713100039
3714100006
3714100007
3714100011
3714100027
3714100033
3714100035
3715100001
3715100002
3715100003
3715100006
3715100007
3715100009
3715100010
3715100013
3715100014
3715100015
3715100017
3715100019
3715100021
3715100023
3715100025
3715100027
3715100028
3715100029
3715100030
3715100032
3715100033
3715100035
3715100038
3715100039
3715100041
3715100042
3715100044
3715100045
3715100046
3715100047
3715100049
3715100050
3715100051
3715100054
3715100057
3716100005
3716100011
3716100013
3716100015
3716100017
3716100019
3716100021
3716100023
3716100026
3716100031
3716100035
3716100036
3716100037
3716100039
3716100043
3716100047
3716100054
3716100055
3716100059
3716100063
3716100066
3716100070