03411740000007
02311640000159
01111540000047
03211740007007
10311800000027
05211740000019
10111615000034
02511840000059
01311740000062
08311240000143
07111840000008
03111640000167
02311640000065
07211640000017
02311740000076
01111840000014
07111740000136
08311740000112
06111440000055
05211740000010
08311540000037
08211640000018
03211740000033
04211340000022
02311740000039
02411740000115
03111740000139
01311840000041
10311800000005
02511840000087
08411840000067
02311740000052
02511840000058
02511840000053
10211600000018
03211540000041
10411600000008
06111740000069
07111640000069
02411840000076
06111640000090
03211640000033
03111840000108
08311540000087
03111640000166
03111740000003
06211840000051
01211740000017
01211740000021
03311640000057
02111840000075
03311740000093
02111740000041
06111640000072
08311640000045
05111840007005
07111840000142
03311740000008
05211840000096
10211500000058
10111810000023
03311840000039
06311840000047
01311740000027
05111740000099
10111815000010
06311840000032
10311500010006
01211640000002
10211700010022
02511840000116
10411600000048
09111540000041
01211540000019
05211540000069
05211540000018
04211740000068
02211840000066
02511640000055
09111640000014
07111745000072
07111840000212
10111610000003
08511840000024
10311700000048
05111740000007
02511640000108
08211640000084
10111700000063
03311640000042
06311840000014
10111710000074
03211540000070
05211740000056
07111440000124
03111840000009
07111745000066
04111640000025
02211840000125
05111540000161
08111840000083
02311340000090
03111440000109
06211740000108
02511640000150
09111640000062
03311640000035
10111810000063
02211740000039
05111640000108
07111540000036
08311840000027
02311740000043
02111540000144
05211740000082
06211840000046
02511540000114
08111840000027
05211540000001
07111340000099
01211640000018
02511540000139
08111840000088
02411740000045
01211840000043
03311540000103
03111840000052
03111640000070
10111510000048
07111745000077
03111745000038
03111840000157
02211540000052
07111840000222
02211646000036
10411800000086
06311840000019
02311640000084
08111740000055
10111815000004
02211745000020
06111640000095
01211740000047
03211840000011
08311840000043
10211800000062
06211740000099
02511540000046
10211600000066
07111440000202
04211540000023
07111840000016
01111840000108
01211640000051
10111810000036
08111740000067
10211700000104
10311700010026
05211640000096
05211740000076
10411500000012
10411600000095
10111410000074
02511840000010
02411740000015
08311340000036
03111540000145
03111745000019
03311840000012
03211640000011
10411800000063
02511640000131
06211440000053
02511840000125
03311840000082
06111440000051
10211800000051
08111540000025
02211740000132
02211740007001
02511740000095
08411540000013
06111540000115
04211645000014
02511840000103
03111640000072
02511840000079
10411700000090
01111840000094
04211840000011
07111540000103
02111540000096
08211640000027
08311440000124
10111610000035
05211640000051
01211740000006
02111640000164
05211840000082
05211540000028
03111840000062
08110940000043
10211500000109
02411740000004
08111540000100
08511840000048
08411840000060
10111815000039
03311540000050
04111240000046
05111840000064
01111640000091
02211540000131
03111745000040
10111815000020
02111840000112
08311340000102
05211340000072
07311640000012
07311840000054
10411700000067
08311840000059
08111340000098
08311440000057
04111440000078
03111440000043
05211740000002
10411700000100
02111740000045
10111810000026
05211840000137
06311840000035
02311540000123
01211840000013
08511840000049
10411700000049
08111540000106
04211740000066
06211440000082
10211700000122
03311740000035
08311340000056
06211540000114
04411540000043
02511740007002
07311840000027
10111710000116
07111640000127
06111840007001
03111740000019
02411840000095
02511440000021
10211800010027
09111840000033
02211840000062
04411840000042
01111540000096
10111610000002
01211740000029
03311840000011
08311840000042
06211340000135
06111540000016
02211540000072
06111840000087
07111840000204
08311540000088
10111710000023
07111740000064
05111540000058
02211640000022
08111540000019
01211540000008
10411600000064
05111740000081
04211541000019
02411840000126
03111840000137
06211240000016
10111815000012
03111640000009
08111740000020
10111600000012
06111540000041
10311600000004
02211840000012
08411540000022
02211745000011
02511440000052
06311840000054
06111540000077
10111510000005
02511640000100
02111645000008
03311740000026
01111840000103
06111640000084
07111740000092
02311540000041
03311740000078
06211840007002
05211640000099
02511740000067
02211640000135
02511840000126
10111410000051
08311440000056
03211540000017
09111440000012
10411800000042
10311700000077
02511540000039
03211540000037
08311840000037
02211840000088
01211440000069
02511640000070
07311740000009
10611600000062
10311700010041
01211840000078
01211540000027
10211300000091
05211640000108
03211640000048
10111815000060
03411440000057
01111440000109
07111840000078
07111740000141
02311340000142
07111540000003
10111710000081
02211540000036
02411340000126
01211740000044
07111740000053
08311340000074
10111710000070
01211540000054
05211540007004
08311840000071
06211840000061
08211540000069
08211540000035
07111440000142
08311640000043
07111740000149
08411440000002
08311440000138
07111745000002
03311840000013
03411840000018
02211740000117
07111640000067
10111700000060
07111640000092
08311740000078
06211740000052
03211740000019
08311540000052
10211700000012
01111740000060
02511840000037
03111740000014
03311840000007
08311340000178
08311740000042
02211340000118
06111740000078
08211740000049
02311745000043
05111740000002
02511540000019
02311840000014
02511540000052
03111640000154
06111740000058
06211540000111
05111740000140
10211700000039
03211740000016
08511840000027
10411700000027
06111740000013
07211740000040
07211840000069
06211440000026
04211541000007
03111640000021
06211840000087
02211640000118
10211800000031
10211600000087
07111745000075
10311700000042
01111840000013
06111440000072
01111440000098
02311640000061
10411800000082
10111810000044
06111540000067
02411740000132
06211540000090
10211700000114
02111640000027
02311540000112
07111740000052
10111500000105
02511840000112
08511840000034
03111340007004
02211540000091
07111745000001
04111840000003
06111840000061
02211540000060
10111600000066
03211740000064
08211740000065
06111440000101
01111540000055
10311700000034
08311840000063
06111840000035
08311240000101
08311340000147
09111740000060
05111740000117
04411540000026
02311640000154
03111840000042
02211140000071
02511640000107
02111640000083
05111540000060
05211540000021
05111840000164
08211540000006
05211740000068
05111740000070
07311740000038
02211740000041
05211740000063
08311440000005
06111840000057
08311440000052
03311640000014
06211745000034
07111840000140
07111840000174
08311740000025
06111840000046
02511840000129
03311540000032
07111745000047
07211440000031
03311840000036
02411740000131
03111745000052
06111840000103
06211740000089
08411740000039
02311840000049
04211741000014
10111815000021
05111740000041
10411600000088
07111540000055
03111740000113
02311740000117
02511540000018
02211840000092
03311840000085
03311840000098
10111610000008
07311840000059
02311540000078
05111540000076
10111610000077
02111540000057
05211840000106
05211340000143
02411840000184
08511840000008
06111740000079
08311440000084
03211540000057
04211540000076
05211640000042
05211740007003
03111740000071
05111540000108
10111810000027
03111540000120
08311740000041
10111510000090
08311740000097
05211440000162
06111640000039
05211740007007
06211540000027
06111740000033
10311800000039
08311440000022
06211840000002
03111540000059
10111510000108
10411600000029
08311640000057
01311840000038
07111740000072
02511540000089
03211740000031
05211340000066
03211440000017
09111440000038
08211740000061
08311440000111
06111840000091
02211840000028
03111540000007
07111240007002
08111540000080
10211600000091
06111640000087
08411740000031
05211440000051
05211740000013
02511840000111
03111840000003
06211440000072
02511740000093
07311740000034
02211540000010
03111440000103
02511640000091
06211740000035
02111440000130
02511640000014
04111640000005
06211840000035
02211540000044
04411840000044
02511640000098
09111640000102
07111745000050
10311800010006
02211540000134
04211540000009
02511540000015
08111840000056
07311840000006
05111540000055
10311800000032
10311700000063
07111740000094
07111640000104
07111540000116
03211740000094
03211640000090
08311840000034
07111540000102
10111510000094
01211740000033
10211700000081
06211740000045
10211600010024
01311840000070
07111840000003
08311540000121
03111640000136
10111815000005
01311840000030
10411700000017
02211640000140
07111440000164
02411740000134
02311640000030
02211540000073
10311800010033
07111840000164
03111440000126
05211740000108
03211840000021
03111540000134
03211440000054
08411740000055
05111540000132
02511540000062
02511840000075
02511740000088
10111810000007
03111240000081
03311540000090
02311540000074
03111840000098
02311640000155
10111810000018
06111840000105
02511640000071
10211800010022
03211540000061
08411740000048
03211840000051
03211740000036
05211140000055
05211540000153
05111340000119
07111640000023
02211640000163
03411640000023
08411740000042
02311440000106
08311540000135
07111840000145
05211540000017
06111540000051
10411800000043
10111700000071
10111510000057
01111440000090
08411640000009
06111540000104
10411800000009
10211600010006
02511540000045
06111640000114
03111440000102
04211540000042
03211740000037
07111740000062
01211640000045
02311540000088
02111740000040
08311440000073
06111540000093
01211540000023
05211540000016
03111540000089
04111740000042
03211640000052
05111840000135
08311340000127
10211600000107
03311540000091
10411700000015
10111510000052
10111710000108
02111740000031
05211540000063
07111640000130
06111640000057
02211640000150
02411640000021
05211740007002
01311340000049
01211740000051
02311540000016
03311540000054
03111440000069
10211700000022
10111800000023
07111440000054
02311740000072
02311740000125
10411700000103
08311740000117
04211840000012
08211640000004
05111240000188
07311840000043
08111740000004
06211740000011
10111710000018
05211740000093
05211840000029
10111510000022
10211800000052
07111840000076
02211740000079
04411440000020
08211540000052
10411600000003
02111040000007
07211840000002
03111740000029
04411540000027
10311500000099
07111640000071
07111340000116
08211740000003
06111740000037
05211640000129
08411540000010
03211540000066
02111840000033
02311740000112
04211340000109
03111840000085
08311840000010
08311740000028
03111745000011
03211540000038
03111745000030
08411540000050
08311640000026
10111400000119
04411440000023
07111840000161
08311440000006
07111740000006
07111840000193
10211700000013
08211540000047
07111240000071
04111840000090
08411540000041
02311840000042
01111840000070
07111840000032
04211240000049
02511840000127
02511840000136
03111540000019
05211440000159
01211540000014
07111840000235
08211840000047
02411640000106
02111640000141
10211800000056
02111540000171
04411240000015
03211540000002
10211700000071
09111840000111
10411500000091
07111340000104
02111840000034
06111540000007
09111540000087
02511640000044
02511540000126
02511740000040
03111640000084
05111340000014
05111540000078
06111640000089
03111740000079
03111640000020
08111740000030
05211540000119
03411740000039
03111440000084
08411440000049
09111840000043
02511740000049
02211640000033
08311340000022
03111640000033
05211540000022
08211540000083
05211540000085
06111840000059
02511640000059
01111540000044
03111740000152
08211840000052
07111840000002
03211540000096
10111800000003
08311540000145
02211646000002
06311840000058
06211840000088
02311740000029
05211840000085
10411700000065
08311840000044
06211840000038
07111740000114
04111440000056
06211740000001
05111740000187
08311440000034
07211640000048
07111640000122
05211340000120
08311840000032
05111740000020
08111740000022
10411700000012
01111840000045
10311700010038
08211740000027
06111840000093
02211540000114
05111840000080
05111540000112
04111740000046
07211540000037
07111740000093
10211600010022
02511640000142
05211740000109
03111540000104
06211540000053
04111340000048
10311700000035
05211740000145
05111540000008
10211600000063
03111740000041
02211640000171
08311340000180
02511740000109
03211740000024
10111610000081
02311840000023
02411740000060
10111700000082
03311540000097
02211740000106
01311740000066
06211840000055
06111640000054
10111510000096
03111540000044
05211540000039
04411740000028
02411840000097
08411840000061
05211740000089
10211600000072
10411600000116
03111540000015
10411700000066
08311740000018
04211841000021
03111640000047
06211640000109
02111340000106
02311840000098
07211840000001
08111540000065
08211540000002
03111540000016
02411740000014
08511840000039
02511840000122
07111745000040
02311840000084
07211840000041
06111740000046
10211400000082
08311740000014
02511740000016
08111840007002
03411640000014
10111710000090
02211840007002
06311840000027
03111540000149
08411540000019
03311640000051
10411600000019
02211540000020
10311700000065
02411640000062
02511640000054
02511640000114
05111740000112
03311740000005
02211540000017
06111540000052
02511640000036
02211740000123
04211541000005
08311740000037
10211800000070
03311640000031
06111540000109
03111745000036
07111640000066
03211540000056
10211400000117
03111840000002
02311745000044
03111640000103
05211840000128
06211740000059
07311840000055
07111540000115
06111740000003
03111445000052
03311640000088
02111840000137
10411800000024
08311440000091
07311840000007
05111740000120
10611800000090
07111840000107
06211840000048
03211740000006
08311840000016
03111640000022
08411640000036
03311540000100
05111340000042
05111840000010
10111700000040
02511840000115
02511640000004
06211840000056
08211540000013
02211745000005
08411640000014
10311700000062
05211740000005
06111340000044
02311440000097
05211740000122
04411640000054
03311540000086
02111640000039
02511540000042
08311540000076
05211440000098
03311540000026
03111640000106
02111240000121
02511640000097
10411700000003
07111840000139
02511740000099
05111840000114
07111840000225
06111540000065
09111540000007
08111840000060
02211740000067
10111510000031
05211640000097
07111840000196
08111540000023
10211500000088
01211540000098
10111700000044
06211640000117
01311740000036
03111740000132
07111740000014
05111540000044
03111840000148
02511740000018
04211441000026
03111540000084
06211740000046
03111840000008
05111740007009
03111740000020
08211440000093
02211640000177
10111510000017
08511840000035
04411540000012
06111240000046
01211640000062
04111340000009
02311540000087
10111815000006
02511840000089
10411700000061
07111745000042
02511840000124
08511840000025
08111840007003
10611700000079
10311800000006
02411840000019
04111540000054
05111540000014
06111540000043
08311540000021
06111640000009
02411740000123
10111700000056
03211740007003
08111840000038
02211840000146
08311640000030
07111740000101
07111745000064
08211740000067
03111540000038
08111770010008
06111840000110
02111840000164
08311840000054
07111745000004
08311440000101
07111340000149
04411840000033
08311340000054
06111540007003
06211740000038
10111710000098
03211840000107
02411540000126
02311840000052
05211640000116
02511740000089
02511740000107
10111600000073
10311700000053
01311540000032
08311540000122
02111440000064
07111840000063
02311640000088
06211440000045
07111840000073
10311500000092
10211600000112
05211540000155
03111840000010
10111810000066
02311840000131
10411700000054
04111440000015
01111640000011
02211640000043
02111740000184
02411540000003
05211440000193
07111640000161
07211740000039
07111440000013
09111840000124
10411600000057
02211440000033
04411640000033
08311740000106
07111745000028
03111540000072
03111740000006
07111840000190
10111610000051
02111440000126
07111840000094
02411740000018
08511840000045
02211540000140
08111540000110
07311640000037
02211840000077
04411540000024
03111740000114
07111140000146
01111540000043
10111700000091
10111810000029
05111740000105
03111640000078
10311800000017
07111540000035
08311640000101
10111710000106
08411640000027
01211640000106
01311840000039
07111540000030
06111540000045
02311840000109
02311745000053
07111840000033
08111540000082
08111740000069
07211840000049
08111540000030
06111540000061
03111640000018
08411840000051
02511740000014
01311540000048
10111815000046
03111540000056
03111540000076
03111640000029
02311540000038
07111740000146
02311740000007
02511840000028
10211700000082
10211600000067
03211740007004
03311840000091
03311540000034
10111710000039
02311640000053
06111840000052
08111840000067
10111815000030
07211640000014
03311540000087
06111740000075
08511840000023
04211640000067
04211841000026
10411600000047
01311540000017
01311540000002
02211646000033
07111745000048
06111840000033
01111740000038
10211700010048
10211500010029
04211840000106
08211740000024
02311540000019
08411740000043
04111540000057
03111540000008
02311540000117
03311740000007
03311640000012
03111840000081
10211700010025
08311840000007
02311840000087
02211440000004
02511740000053
04211840000057
05211740000115
03111740000154
05111740000111
06111840000062
02311745000055
07311840000033
01111740000085
02311640000125
08211640000039
08211640000091
02511640000060
10211700000124
08211440000068
01311540000012
08311640000052
02111640000123
03311740000052
04211745000006
03311840000057
10111610000075
06211540007004
03411540000045
03111840000141
05211540000020
04211746000012
03111740000066
10111510000073
10411700000112
02411740000057
06111840000055
08311840000051
10111700000027
08411840000027
03211640000078
08311740000090
01311840000047
10311700000061
10111610000023
02211740000107
08311340000063
08511840000011
01211840000074
03111740000086
05211640000138
08211540007004
03111840000150
05211740000006
10211600000010
07311740000027
03211740000081
02211840000049
02411640000192
06111840000034
06211745000018
03311840000079
06311840000013
07111340000007
03111740000072
10311700000046
07111540000020
01111440000004
03411540000006
10111810000053
08311740000038
02311640000055
05111740000085
03211540000018
07311640000011
02111340000151
06111840000064
10411700000077
07111840000211
08311740000071
02111540000156
08311540000051
02211740000047
08411740000058
03111640000107
02511540000040
06211740000110
03411640000012
03211440007001
05111440000108
05211740000051
03311840000056
08111140000015
06211745000029
07111440000071
06211440000098
10111610000048
02111440000019
04411240000044
07211840000003
10211600010009
04411840000006
06111540000060
08311440000131
02411540000068
09111840000065
02311740000092
07111540000052
03211840007002
02411640000205
08311840000041
08211340000035
10111700000011
02511740000077
03111540000034
03411340000039
02411640000018
10211600000013
02211540000019
06211740000056
02411640000165
02211740000134
08311440000102
10111610000009
01211840000096
08411840000049
06111540000026
08211840000008
03111745000050
06211640000057
08311640000022
01111840000057
03111340007001
08211540000049
08311340000092
08411840000033
07111740000024
06111840000041
10111600000062
10311800000029
02511540000080
08411740000026
02311540000083
10411800000007
03111640000124
02211740000064
08311340000123
10411800000088
10111800000034
07111740000073
04111840000004
05111740000121
06111640000107
03111640000138
02411640000074
03411640000013
06211840000059
08311740000021
02211740000053
07111640000132
07111640000046
03411840000019
08311440000054
08111540000099
08511840000022
08111740000085
03111740000123
08211640000049
03311840000087
03211840000044
03111740000100
02511640000021
10111810000005
10111810000034
05111840000142
05111740000168
03311740000012
07111640000098
01111640000037
10211600000065
01111540000048
03311640000018
04211746000028
08311640000031
07211540000040
02511640000130
10111700000041
03111540000091
03311540000033
06211740000094
01111840000058
02211540000112
01211540000123
10311800010037
06111840000007
02411540000094
07311540000016
08411740000049
02511840000083
01111540000065
08311540000081
02311640000144
07211740000048
07111640000019
06111540000090
10411600000058
10211500000103
02511640000015
06311840000051
08311440000009
07111540000119
10111710000041
05111740000019
10111710000075
08511840000044
03111740000046
02511640000088
05211840000008
08311740000066
07311840000061
01211840000048
02211740000075
06211540000002
02511740000081
06111640000045
08311540000099
03111640000092
08511840000010
10211700010044
10111510000055
01211840000045
01111540000105
07111540000087
10411600000104
02511840000036
02211840000080
06111440000037
10211600010047
02111740000114
02411640000077
06111540000102
02511840000061
06211745000028
10211500010012
10111610000059
02511540000107
03311740000020
04211841000039
04411640000027
10111700000028
05211540000057
10311700010001
10311700000075
01111640000029
01111740000075
02211740000097
02411740000003
02511640000046
05111840000098
08311740000107
06111840000066
02411840000112
01111740000041
03111640000059
02411840000160
08311340000190
08211440000029
02311745000021
10411700000097
10111610000022
07111340000122
05211540000124
02311540000095
02111540000031
06311840000048
09111640000002
01211740000003
06211540000109
03111840000006
02511540000066
02311640000106
03111840000074
03111740000102
07211840000004
01111740000094
10111710000031
02511840000076
03311840000037
10111510000081
03211840000012
08211340000055
03111745000039
07111540000082
03211840000096
06311840000043
02411740000124
02511540000094
02511640000057
02511840000102
08411640000002
06111740000081
10111815000029
10411600000086
08311540000031
02311640000092
02511640000064
10111800000011
04211440000036
06111640000023
01211740000084
02511740000065
10111815000033
02311745000038
08211740000083
02311540000049
05111540000097
03211740000060
08111640000020
08211640000045
10211800000044
02411540000053
06211740000068
08211740000093
05211540000095
07111745000039
06211745000007
10111510000066
08411640000010
01311540000039
08411840000037
10411600000011
08211540000114
10111800000009
06311840000025
02311840000068
07111640000113
02511840000132
08311540000066
02311745000031
06111840000049
08311840000060
02211740000122
04411840000015
10211700010010
06111840000051
10111610000057
05211740000092
03211240000098
10111700000037
10111710000085
10111600000024
10411600000063
04211540000091
07111840000237
02311640000120
03111640000023
02411840000018
02511540000112
04211340000071
02311740000067
02311740000054
03311840000052
02511740000028
02211540000132
01211540000097
10411800000077
05111740000190
07311540000013
06111740000040
08311640000041
08311240000091
08111840000006
02411740000075
03111840000086
02511740000036
02511740000017
03111540000040
09111640000031
07111540000100
08311640000005
10111710000016
10111510000032
02211646000013
01111740000001
10111710000091
04411340000030
02111340000088
10111700000057
06211740000079
06111640000041
08411540000011
03111440000073
06211540000073
03111540000144
03111640000142
02211740000104
06111740000067
03111840007003
02411840000017
07111840000103
08411540000045
10411800000036
08311340000055
03211540000090
01211540000112
06111840000113
07111840000118
02211840000027
02211740000029
02311440000018
01211540000033
10411600000074
03211840000104
08311440000121
06111840000097
01111840000038
03111340000124
03111740000135
04111540000012
03111740000056
03211640000058
07111840000165
07111640000073
10311700000088
02511740000087
04211440000015
03411840000037
05111540000150
06111740000086
07111540000015
10111815000003
03211740000047
02211646000041
03211540000023
01111840000064
10411800000025
10111600000063
03211640000079
07111745000078
10111710000043
08311540000078
06111840000096
10411700000050
03311640000095
08411840000001
06111740000061
07111740000137
06211840000036
02311840000115
10111710000087
10311800000001
06211740000003
10111800000037
01111540000058
10111710000020
02311540000110
08411840000066
09111840000071
07111745000046
05211640000004
10111815000042
03111540000042
10111700000017
07111740000135
07111840000207
08311540000083
03211740000056
10211700010021
07111640000065
05111640000014
06111640000077
03111540000121
06211740000097
01211840000033
02411540000035
06111540000019
02311340000012
05211640000104
03311440000041
01211540000043
07111840000096
02511640000087
03411640000043
02311740000071
02411740000108
01311840000028
04211540000001
02511740000069
08311440000122
06111640000128
10311800000004
08311440000087
03111740000055
10211700000027
08211540000027
02511840000073
06111640000106
08311440000119
07311740000016
04111640000062
07211840000063
02311540000042
05211740000111
03111840000116
03111745000012
02511540000129
04211640000010
05111740000113
05111840000002
07111640000085
07111740000132
02511540000119
01311840000007
03111540000028
10111710000022
08511840000030
05211840000049
10111710000006
02411840000075
10411700000102
08211540000091
03311640000020
01311840000029
08211640000029
02311740000077
04211841000040
08511840000009
05111840000048
08311540000107
05111540000109
02211540000016
08411840000062
07111840000218
05211840000103
03311440000090
02411740000116
02511840000128
08111540000009
07111540000085
01111640000093
03111640000066
06211745000009
04211745000019
02411640000006
03111740000105
10111700000084
10111510000091
03311840000077
06111740000083
06111840000088
03211840000083
10111710000059
08111740000074
10311700000025
10111700000073
06111740000051
02411640000014
02211740000140
05111840000143
08511840000012
05211640000059
05211740000072
10311800000018
10111700007002
03111740000062
10111700000088
10411700000038
03111840000095
01311840000076
08311840000057
10111610000079
10211500010038
02311840000118
06111840000098
09111740000108
03111640000074
10111610000049
08311640000095
06311840000053
10411600000089
07111840000001
03111240000048
02311740000104
06111740007003
02211340000148
06311840000012
03311540000092
02211740000085
05111740000186
05111840000132
03111540000030
03111840000111
06211740000102
10411600000033
02111640000213
01211540000072
08311540000110
01311540000020
05111840007006
07211540000024
08511840000046
06311840000016
05111840000123
02211540000152
02411840000181
03311840000094
10111810000020
04211640000060
08311540000048
04211741000034
10111815000036
02411740000167
04211746000026
10611700000081
03411540000049
10111600000048
03211840000085
07111740007005
05111540000072
10411800000008
02511640000065
10211700010045
01111840000086
01111840000023
03411740000031
08111840000068
07111740000067
07111440000106
05111540000095
08311540000039
02411540000011
07111840000017
02111340000167
02211540000143
10211700000131
06111740000077
05211840000070
10111600000099
10611800000084
10411800000053
03211640000054
05111740000064
03111740000117
02311840000107
07111740000095
10111710000104
07111840000018
05211440000003
08111540000014
01311840000088
10111700000001
07211740000002
04111840000080
08411540000015
06111440000107
02211540000062
03111740000021
10111700000043
08311540000102
10311700010042
02511840000011
01111640000090
01311840000032
08311740000062
03111740000038
03111740000111
07311740000039
08511840000013
09111740000093
02511540000116
03311740000088
04211840000037
10611800000002
01311540000060
03211740007006
10111510000027
06111740007001
06211740000050
05111840000156
08311140000114
03311540000045
05211640000030
03311740000068
07111740000080
02511740000096
02311540000128
02511440000107
03111540000050
06111740000094
03111540000098
06111640000035
06311840000026
07111740000145
02511740000064
05211840000058
05211540000050
02211540000147
03411540000021
07111840000009
04411640000046
10111700000006
03111440000032
10411600000102
10311600000008
02111840000077
03111740000089
02111540000141
10611700000094
10411800000020
07211740000032
04211745000012
03311840000074
05111540000130
02311640000160
10111710000028
02511740000102
03211740000027
02311640000075
03111840000064
10211700000061
02511740000079
04111240000022
07111640000015
02311740000016
08111770010005
02411740000143
10211800000078
02511640000056
08311740000002
10211800000023
10311700000024
05111240000205
02511240000094
08311640000035
02311740000057
09111840000081
08411540000030
02511840000069
05111640000049
03211840000114
04111840000026
05111640000029
1514100017
06111740000004
02111740000177
03111745000042
10111510000004
10111600000082
10111715000017
10411600000115
02511740000002
03211740000040
10111815000026
10311500010015
02211840000109
01111640000089
10111510000042
07111840000133
02511740000105
08311740000075
08311540000004
03311540000017
02511840000014
05111540000069
03411740000019
10411600000028
10311800010030
03211840000090
03111540000113
02111540000002
02511640000053
02311640000132
06111540000035
03111545000037
08311540000010
08211840000037
02411740000110
07111540000002
10111710000017
10111600000077
07111440000125
10111810000038
02411840000093
01211740000010
10411800000033
05111540000091
06111640000008
10111510000105
10111610000082
10211700000041
05211740000029
03411640000018
05111440000072
08111540000024
07111445000042
01211740000059
04211841000022
02511840000072
03411740000011
05211740000062
02211646000024
03311740000058
04411140000023
10111810000052
03111640000002
03311540000068
03211840000018
02111340000071
10211500000078
03111840000029
10111600000050
03211340000096
06111840000002
02111640000219
07111840000131
06211840000007
03411740000013
02111540000113
06111340000086
03411540000002
02411840000178
02311840000011
02411740000080
07111745000083
10211800010004
10111800000033
03211540000058
04311340000043
02211840000035
10111610000014
08411740000014
05211540000127
03211540000029
10211500000017
10211800000009
04311540000126
02111640000102
03411540000044
06211540000058
10111710000052
03411640000047
02111540000037
05111840000122
07211840000016
04411740000041
03411540000047
02111640000110
03211840007001
03111640000056
02411840000185
02111240000118
03411740007007
03211640000093
04311540000065
03111840000136
04311540000028
01311740000058
08411440000029
03211540000059
09111540000023
03411640000060
03111540000143
03411740007005
02311640000138
02211740000062
05111540000153
02411640000030
10211500000091
03311540000046
04311840000118
01211640000008
10111710000051
03211840000061
03411740000026
08211640000015
02211440000149
03311540000053
01211840000092
02211646000006
02211840000032
06211840000010
03111840000076
05111840000013
08111840000028
04111840000034
08111540000101
03111645000045
08111640000069
03211640000071
02511840000141
03111740000109
03211640000029
05211840007004
02311745000037
02511340000118
03211640000001
04311540000094
02211840000019
01211540000061
04311840000099
03311840000008
10211600000120
08311240000002
10511700000062
03311840000081
02111840000092
07111840000014
10111510000023
08311640000062
02111740000039
02211540000061
10211500000083
02211640000086
10111600000022
08211840000023
08111540000093
08411840000040
10511800000087
04311440000090
02311740000074
10611800000025
02111640000001
02411440000086
04311540000048
02511640000101
07311740007002
08111840000002
02311740000127
03411740000046
05211840000101
02211646000027
03211740000082
08111540000054
05111540000034
02111840000160
03111540000133
10611700000053
03111640000034
04311640000123
02411740000149
01211540000020
05111540000061
02411640000023
02111440000026
02211840000039
08111840000024
04311840000046
03211840000076
03211540000027
01211740000061
02211740000126
03411840000002
02411840000125
05111540000033
07111440007001
02411640000129
04411540000008
06111740000091
06211240000095
05111640000178
02311540000105
10111410000015
01211640000035
02411840000074
03411540000051
02311640000043
10111710000034
01111440000002
02311540000127
03411640000022
04211340000069
07111540000012
08211840000040
02311740000070
10611800000058
02111640000031
04211740000081
07111740000098
03111840000014
05111840000158
02311540000121
06211440000002
09111740000040
03111840000140
05111740007008
05211840000099
10511600000027
09111540000009
04211440000075
07211440000025
02411840000110
03111740000070
08311740000103
08111840000021
02111540000039
02111740000144
02111640000169
08311640000033
08111540000090
03411840000031
02111540000170
06211740000067
10211500000085
02311640000004
02211840000037
03111540000032
10211600000084
10111510000006
10211700000088
03311540000022
03111740000013
06111840000060
07111840000126
10511600000078
10211500000048
04311240000027
03111840000025
02311440000086
05211540000038
04411740000006
03211540000007
06211745000016
02211740000050
05111740000139
04411440000007
02311740000080
10111710000049
08211640000070
02511740000071
07311640000008
07111740000128
07111840000060
03411740000029
02411840000179
10611700000058
03311640000004
02211540000053
06111740000019
02411640000045
04211440000093
01311540000059
03211540000062
09111540000004
02511640000047
08111840000093
03211740000048
02111840000138
02311745000030
04411840000007
08411540000062
02511540000061
02411740000067
03411840000051
02411640000164
05111740000058
09111740000072
08111840000092
02211740000049
05111640000090
03411640000038
03211840000023
10211800000013
02111840000026
01111840000065
05111540000119
02211540000081
08211540000081
02311640000045
03411840000021
08111540000036
03311640000053
10111710000008
02411740000177
02411840000091
05111840000094
02111640000108
08111540000035
05211840000079
08411640000030
01111740000068
05111440000047
10111710000057
03211840000004
03211740007005
02111340000048
02311840000119
04311740000056
10511800000079
04411840000035
02411840000067
03211740000041
07311640000029
03411540000040
04311640000015
03411540000012
02211646000031
01211840000036
10111815000027
07111640000033
05111640000159
04411740000039
02111640000013
02111840000001
03211840000077
08111740000063
10111510000010
07311740007001
05211540000111
02311745000032
03211540000067
09111640000025
03211540000106
02211440000133
03111740000150
02111840000181
02211140000148
09111640000018
10511700000022
02211740000102
04211540000071
05211840000048
05111740000107
07111745000079
02311840000001
02411640000171
10111700000025
05211740000090
03211540000024
08111640000046
03211640000008
08111640000006
02411740000022
08411640000019
07111540000037
02211540000094
05211740000015
03411640000029
02111640000204
02111440000188
06111840000086
03311440000056
07111440000143
10211800000008
06111740000035
01311740000057
07111640000061
06211840000065
03411540000039
03111840000078
03111540000107
02211540000056
07311540000023
03211740000067
10111410000009
04211740000016
04211841000009
04111540000040
04211740000010
10611800000039
08111840000042
02311840000009
04311740000078
03111745000016
09111640000096
06211540000046
08111740000041
02211640000009
04311640000052
10111815000057
08111740000048
09111840000001
02211646000019
08311840000011
03111840000106
06211540000023
02311540000109
10111610000056
05211840000018
02111540000131
01211740000022
03311840000009
03211540000032
03411740000051
07111540000148
02311840000105
02111540000088
02111540000036
03111840000015
03111540000100
08111740007001
04311840000089
02211840000135
05211740000094
04311540000061
08411740000053
07111840000162
02211540000039
04311740000075
08211240000001
07111540000145
03211640000084
04211640000076
06111740000009
08211840000079
06211540000088
02111640000144
02411640000174
07111840000132
08211740000030
08311540000112
05111440000127
05111840000086
03211740000001
03111740000147
05111740000095
02111540000155
08411840000013
03111240000067
10211700000089
02211840000081
04311840000123
04111640000033
03111645000033
04311740000046
08411740000032
04311540000135
07311840000011
04211540000013
02111840000024
03211640000041
03311740000056
03211540000008
02211840000113
08311640000047
10511800000081
08311840000020
02111640000089
03411740000025
02511540000014
03411640000005
08111840000008
08211840000043
03111740000010
02211745000008
03211540000012
10111810000021
02111740000080
07111840000206
07111440000123
08311740000008
07111440000063
02411740000098
02411640000010
03211740000032
02111440000038
02211540000021
07311640000021
07111440000146
09111640000015
08311640000018
02111740000133
10211800000029
08311740000045
03211540000014
10111710000072
07111640000138
08411840000012
03111840000096
02211540000121
01211540000070
03211840000109
05211840000078
08211740000041
10511800000074
09111540000014
03311840000095
02311540000052
02111740000082
02211540000075
02411540000042
06211745000014
03211740000007
02311645000043
05211440000095
10611800000047
02311840000097
07111745000031
08311540000025
07111840000039
02211646000048
04311540000149
10511700000082
08211640000097
04411640000040
04211641000016
03211740000013
10111810000008
10111510000092
02111740000181
02111740000158
10211700000021
06211640000094
08211540003041
08111640000022
02411640000022
04211841000033
02111640000045
06111840000019
05211840000080
05211640000020
01311640000038
05111840000116
08111540000007
03111640000171
02411740000034
05211840000017
10511600000018
10111510000067
03211640000067
10111510000064
07111640000077
02211840000052
02211640000034
03111840000057
04311840000039
04311740000100
03111740000148
05111540000064
02111640000200
05211540000079
07111840000169
04411840000026
05211540000071
06111440000087
01211840000017
02411840000140
03211540000074
07111840000041
08111740000075
08211540000073
03211740000050
04411740000004
02211840000124
08111540000051
04311640000006
04311540000078
03111440000049
08211840000073
06111740000047
10211700000075
01211740000015
08311140000076
04311540000099
02311745000004
02311745000057
04111540000024
10211700000063
05211840000057
02511540000100
08311340000090
02211840000054
06211840000076
02311740000002
07111440000031
10611700000001
03211840000072
02411440007008
02311740000087
07111840000058
02211840000040
10611700000002
07211440000053
02211540000110
02211540000071
07111540000131
02111640000166
05211340000165
02111840000105
02411840000062
07311740000037
08311540000067
07311840000045
06211540000035
02111840000070
02111740000162
08111540000052
05111740000090
02211740000091
03111540000070
08311540000007
03311540000013
07111740000065
06211745000010
03111540000092
03211540000009
02411540000075
02211745000017
10211700010047
01311740000048
05111540000127
06211340000139
07311640000022
06211840000085
03111840000129
02311340000129
02111840000187
10511700000087
01211840000085
04411840000046
04211745000029
03111640000019
02111640000086
03411440000020
07211640000024
02311240000033
06111640000016
02211840000121
06111640007002
08111540000029
04311540000086
10211800000075
02111840000176
10611700000063
02111340000153
08111840000023
02111640000032
10211400010040
02511640000066
07111840000089
04311540000096
07111840000180
02411540000077
04111840000031
10211600010026
07211440000052
07111840000112
07111740000091
03311540000044
03111840000099
02111740000099
03211840000081
10211500000056
03111540000046
09111440000026
07111540000089
10211600010035
05211740007008
10111510000097
01211540000055
10211800010019
03411640000025
09111540000057
07211840000073
10511800000024
02311840000088
10111700000097
07111340000161
03211540000043
03111840000071
03211540000035
02511440000060
02211840000071
07111840000040
02311540000071
02111840000011
05211840000022
02411840000071
02411740000142
01111740000020
08411540000058
05111840000104
08211540000038
05211640000131
03111745000004
05111840000149
06211745000002
03411540000055
02211646000045
03411440000007
02511540000027
03111745000017
10511800000084
03411440000035
08411740000013
02111840000174
02411540000061
03211340000069
07111745000041
08111840000077
03111840000101
02111440000006
02111840000150
01211840000081
07111840000188
02111440000021
03211440000091
04311840000135
06211840000099
10611800000069
02211340000095
02111540000182
02211840000034
08211740000082
03111640000095
02411840000010
02211740000083
05211840000135
10511800000055
03411840000007
10511600000082
08211840000060
03411740000002
03111540000132
10511800000022
02211540000033
03111640000050
09111640000027
10211600000108
02411540000037
03111840000156
07111740000011
02111840000058
09111840000078
02211840000003
03211740000088
03211540000046
04311840000080
02211840000041
10511800000001
03111740000052
03411740000020
03211640000120
02511840000066
10211500010036
07311740000036
10211600000124
06211745000005
03211540000115
10511700000094
03411740000024
02411640000141
02411740000031
08211640000110
10211700000076
02411840000052
04311640000055
04211646000006
03411540000023
03411640000006
03411840000040
02111645000033
03111840000144
02411440000102
03411640000021
07311740000028
03211540000033
09111840000003
01111740000066
07111540000029
02211646000003
08111540000073
08111640000108
03111540000010
02211840000058
03111840000051
04411540000018
04311840000082
02211540000074
02111640000117
04311740000034
03311840000040
01111840000089
02311640000074
07111745000085
09111840000002
07111740000047
02311140000010
02411640000039
10111815000011
05211740000075
04311740000016
09111540000085
04211740000078
02411840000182
02311840000126
03111640000025
10211800000045
06211540000020
02111840000012
02311640000044
05211740000119
02211640000031
02111740000126
03411740000001
03411540000005
01111440000082
03411740000032
03111540000078
06111640000012
02511840000018
05111840000127
06211840000039
02111840000116
09111740007001
02111740000061
03311740000076
06211840000083
07111840000050
10211800010030
10211700000052
05111740000130
10511700000044
03211440000052
03211740000028
06211840000064
01211640000070
01311640000080
05211740000124
06111540000037
10511800000059
03211540000083
05211340000117
04211745000017
02111840000052
04311540000047
02311640000124
03411840000050
04311740000079
07111740000099
05111740000179
05211840000116
10211800010033
03211340000077
03211340007002
02311840000027
02311540000002
07111540000092
02111540000152
03111840000063
03211440007002
03411740000038
02311840000010
10511700000039
02211540000129
02311840000029
02111640000026
10211500000123
03311740000003
02411840000173
05211840000038
10511600000045
03211740000017
08111740000042
02211646000043
03411540000001
05111740000039
10211700010005
04311540000084
10211700000033
04411540000044
09111540000050
03111340000063
03111640000080
03211640000005
09111540000086
10511700000037
03211440000057
02411640000133
03411440000048
07111540000153
02211640000128
07211440000010
10111610000027
08211640000005
02111640000136
09111640000049
06111840000102
02411540000124
06211540000091
07111640000158
03211540000099
06111640000094
08211740000100
01111440000040
08111540000074
01211240000036
06211540000031
05211740000130
03411540000014
02211740000061
04111740000007
08411640000032
07111840000185
03111540000043
02111540000158
02411840000122
04111640000086
02311540000032
03111740000082
05211840000015
04311840000110
06211640000093
05211540000123
03211640000116
10611700000012
02211740000121
02111540000184
08211540000065
03111840007004
08411440000008
02111540000100
02111740000178
03211740000012
05211840007001
10511400000065
10211600000020
08311440000126
03311840000005
03311840000045
10611700000022
02411740000068
06211540000069
07111640000074
01211640000063
02211540000034
07211840000024
07311840000010
10511500000091
02411840000054
03211840000019
07111440000161
03411640000055
10211400000069
02111840000065
08211640000019
03111740000116
02111440000189
02211840000133
04111340000054
04311840000103
03211740000084
02211440000051
04111540000011
03111440000023
02311840000076
07211440000014
03111540000124
10111815000008
07111740000090
08111540000034
07111840000013
10111800000016
03111745000043
10511600000009
07111840000156
02311640000026
03211840000050
01211840000054
03411740007003
07111740000032
08211840000094
02211745000014
10211800000050
03111840000089
03111540000128
10111710000112
07111640000064
05111540000158
03211540000015
06211840000016
10211700000001
05211740000058
08311440000068
02211840000036
09111540000040
02111840000102
02111740000194
10511800000063
02411740000043
02211540000027
07211840000040
03411440000033
02111640000197
03111840000152
03311740000006
02511440000098
10211600000094
02411840000167
07111540000088
04411440000044
08111740000034
10111700000076
02111340000017
02111440000157
05111740000174
02211646000014
02111740000125
04111540000047
09111640000125
05111640000054
10211800000071
03211540000101
06211740000061
02411540000016
03111645000010
06211540000093
02211540000006
02411640000178
04211540000031
06211640000056
04411740000002
02311740000066
03311740000015
04311540000137
02111840000054
02111340000032
03111745000031
08411740000010
08111540000032
03111740000081
01111540000084
05211740000016
02311740000089
05111740000027
10111710000048
02211840000100
10511800000048
05211840000037
02311540000106
07111540000095
10111815000025
02411840000115
07211440000006
03311740000060
08111240000097
04411740000018
04311740007001
05211840000065
01311740000012
10211800010010
03111745000010
09111540000005
07111540000005
03211740000058
08211540000116
03211540000091
02411340000141
06111540000087
03111840000070
07111840000160
01311640000030
07111840000234
05211740000078
10111610000031
03211540000022
02211640000096
04111740000017
02111440000094
04111840000049
07111740000063
04411340000046
08211440000096
03211540000003
02211840000116
03111645000006
04411640000038
02311640000003
10211500000042
02111440000119
08111540000006
03211640000026
03211540000094
03311840000047
02111640000034
02111740000123
02211740000044
06111740000084
02211540000043
02311840000110
04311540000019
10111510000044
03211740000080
02111840000091
08211440000053
03411740007004
10211800000011
02211540000038
07211740000012
02511540000142
05211840000093
02411740000122
04411740000017
04211746000005
03411540000041
02111740000033
10111600000104
02111440000148
02211840000048
08111840000064
08211440000072
05211540000024
08211640000024
05111840000011
02211840000131
05111540000053
04311540000006
05211540000108
09111840000132
10111600000018
04411840000023
02111540000026
06211640000106
02211745000004
07111740000002
06111840000074
03311840000010
02111740000026
10211700000130
10111710000111
10511800000061
04311740000087
03211740000029
02211840000079
03111840000080
02311240000115
02311840000090
03311440000044
03411840000049
02211740000133
03411840000054
02311745000042
10211700000060
08211740000090
02111740000153
02111540000191
02511840000003
10511600000037
03211840000105
01211440000109
05211740000053
04411840000040
06111440000071
03211640000025
10211700000093
08211740000063
01211740000012
10111800000012
02111440000081
07211640000054
02511840000107
03211540000031
08111840000009
07211640000035
03211840000086
02211646000042
03311840000006
10111600000025
08211740000089
08211540000087
07111540000033
01111840000069
02211640000078
10511700000052
02111640000010
06211840000075
10511600000036
04211745000002
02511540000106
07111840000215
04211840000121
05211440000125
08111740000031
10511800000045
05111840000012
05211440000046
10511600000012
02111840000113
04211640000046
03311540000028
03411840000008
03211840000062
02411740000025
07211840000017
05111740000028
03111840000024
03111640000132
07111840000049
08211740000080
06211745000017
02211540000066
03311540000016
02111340000156
07111740000060
06211740000030
10111510000109
03111740000073
03211540000076
06211740000064
03311540000083
01311740000032
04311640000008
05211140000180
07111440000066
01311840000057
09111640000070
07111740000117
02511740000046
02511740000076
05211540000043
10111700000051
04311740000070
07111840000200
10511800000051
02311840000028
03111640000143
03111640000126
05111740000098
03411840000009
03311740000037
02411640000032
05111740000142
02311540000010
02511640000137
03211440000067
01211640000015
10111510000101
02511440000091
10511700000012
04111640000090
02211840000067
03211440000107
02411740000049
06211740000004
03211740000004
03111340000146
06111540000063
06211840000004
02511640000084
03211840000058
02211540000123
06211740000014
09111640000081
05211540000106
05211640000090
04311640000104
03211540000019
02311540000014
05211540000008
10511800000031
02211740000057
03211840000052
02211646000028
03211740000090
02111440000182
01111540000083
01311740000068
08111740000050
02111840000166
10611800000060
06211540000117
07111440000122
10211700000128
10511700000091
06211740000093
03211740000074
05111740000134
07111640000119
10511700000074
04411640000050
03411640000007
06211540000067
02211540000148
04211540000036
10211800000032
03311540000063
02311640000098
08111740000080
03211840000070
02211640000054
08111540000038
10111610000040
06111840000053
10111710000100
10111715000009
07111640000058
02311840000102
04311840000054
08211640000046
06211740000060
05111540000098
05111840000163
03111745000027
02111840000087
10111810000001
03411740000017
03211740000092
02311840000114
07111640000150
04411640000018
02111645000007
02411540000006
02311840000053
02311640000133
03111540000049
03111840000072
01211740000007
03111540000029
01311840000002
10611800000031
03211840000020
06111740000001
01311540000055
03211540000100
03111540000025
08211740000036
05211540000011
05211540000114
01211840000052
04311540000051
10611800000038
02211740000100
04311540000098
02511540000044
03411740000016
02311740000028
01111240000092
02511840000104
03411840000035
03411840000032
06111740000104
02111340000040
03111640000145
08111540000095
04311740000108
03211440000049
02211540000137
04311640000031
10211600000015
10511700000033
01211640000026
02211646000035
06211540000110
08211440000097
02311840000004
08111740000049
03211740000065
06211840000049
10111700000036
08111540000107
08111540000053
02111740000096
10511700000008
02211646000038
05111640000107
03111740000053
02411740000102
02211640000020
03411740000055
03411640000054
04311840000134
04311440000143
03411540000038
10511800000049
06211840000011
02111840000121
09111740000064
07311640000039
02411740000189
03411840000048
02211640000050
03211640000102
03411640000048
04311540000082
02511640000040
09111640000107
06211840000005
05211840000111
04311540000005
09111640000035
07111840000229
02311840000089
07111840000095
03111740000040
06111540000030
02111640000056
01111640000044
04411740000042
03111540000079
02211540000124
03111640000060
02211440000015
08111540000069
10111700000013
10111600000081
03211540000112
04311240000040
07111540000044
02111840000154
02211646000022
08211740000038
10611800000035
02211646000026
04211746000019
05211640000133
02111640000035
03211740000034
02311740000055
02211840000068
03111540000055
05111840000032
02211840000147
03411640000062
08211540000014
10211600010029
03211640000018
02211840000042
03411640000037
04411840000041
05111740000110
10111610000005
10111610000042
03211640000040
02211840000090
02111840000184
10211800000060
02411740000179
02311840000133
04311840000102
03411540000048
08111740000066
06111840000054
08211640000066
08111640000047
08111540000113
03211840000060
01211540000099
02411440000126
08111540000039
04111340000008
01111740000092
02111440000077
02211646000015
07111740000075
06211840000041
01211340000063
10211700000036
10611400000034
02211540000127
01211540000001
08411740000011
03111640000147
03111840000109
02111540000045
08111740000053
10211700000019
05111640000153
04411840007002
05111840000168
02311640000135
10111800000028
02211540000046
04411340000003
06211840000003
01311840000036
02411640000095
03411840000020
10511800000078
04311540000022
02411840000100
02111540000098
10211600000077
05211740000036
02211740000095
02211440000124
02411540000025
02211745000007
06211840000006
04411640000025
02311740000061
02211440000020
05211640000022
02311740000098
02211640000103
04211841000030
06111840000092
04211746000021
08211740000010
02511740000060
05211740000120
04411440000026
02411840000149
07111740000113
03211640000062
03111740000130
02411840000150
10111610000034
02511640000079
09111740000100
04311840000066
03411640000010
07311540000007
02411740000064
10211500000102
08111740000039
02111640000048
05111840000038
03211740000018
08111540000058
03111540000139
02311740000058
03211740000070
02211840000065
02511840000051
10511600000024
02111840000180
01211840000073
03211840000117
10111700000062
03411840000023
04411640000049
07111740000059
02211840000038
07311640000024
08411840000011
07111640000055
06111640000070
07111745000056
02411740000093
03211540000077
05211740007004
07211840000061
04411640000057
10211800000039
03211840000056
03311840000042
03211840000007
10511700000017
03211540000036
06111540000024
02111540000164
04311840000018
01311540000033
10111810000067
02411640000096
10511600000039
03111640000046
10111710000102
02411540000113
04211746000003
03211640000063
10211600010049
04211740000062
03111540000126
10111510000019
02111740000028
02411540000097
10111800000019
07111740007006
10111710000035
03211740000051
02311440000107
03111840000110
10511500000002
03111840000073
02511640000023
04311640000061
08111840000071
01211840000018
04411740000047
08411640000051
02211640000138
04411640000017
10511800000034
05211840000053
08111540000070
03211540000109
03411840000034
03111540000073
08111440000086
10211700000116
02411740000090
03111740000002
03411640000057
05111740000071
02311740000023
01111440000089
10111815000048
03411840000001
03211540000021
03211840000013
02111740000159
02411740000120
03111745000018
01111540000107
04311840000020
03411540000032
06111740000039
10111510000065
02111540000130
01211840000069
10111700000068
05211740000031
04311540000130
07111645000030
09111640000060
04411640000044
06111640000049
08211840000041
03211740000063
08111640000072
02411740000065
08111840000094
01111540000066
07211840000067
02411740000032
01311640000029
03111640000017
02411540007003
05211640000065
03311740000028
06111740000087
08211540000096
05111840000152
02211640000110
05111840000059
10211600000035
03311640000075
05211740000040
10211700000007
10111610000078
02211740000055
02511840000131
04411640000048
10111710000053
02211840000033
09111840000141
03311740000067
04211640000109
02111840000025
07111840000127
06211740000048
02111640000094
02211740000002
02411340000042
10111815000035
08111840000007
09111540000034
10511700000035
04211240000055
03111240000075
10211700000044
02211640000021
02211740000143
10211700000028
10211500000024
02211640000019
02411840000030
02411840000156
01211540000010
10111610000020
03111540000087
06211540000001
03211640000073
05211840000039
04111840000074
02411540000043
08211540000025
09111740000078
06111740000043
10511600000085
10511600000035
09111540000042
08311440000014
04311640000049
03411540000018
06111540000099
02111640000156
02411640000119
02411540000044
02411740000136
04411840000051
02311640000002
08111840000037
02211740000027
03211640000045
02111840000069
04211840000025
08111540000108
01211540000092
03211840000006
04311840000051
02311640000018
02211740000032
10511800000053
08411740000050
08211840000077
04311840000129
02211840000130
05111840000037
03111540000048
07111640000139
06111540000023
04111540000007
02111640000128
02211640000006
02211540000011
05211740000112
02111640000087
06211740000024
02311540000006
02411840007002
10211600010039
05211540000132
03111740000063
07311740000003
05111840000124
02411640000050
08111740000017
02211840000120
04111840000002
05111840000129
02511640000099
03111740000128
09111540000027
01211740000062
08111540000071
02411540000071
07111840000088
04411540000014
02511840000019
10611500000092
10111810000016
02111840000027
03211740000021
07111540000113
07211740000020
02111440000028
02111840000043
03111640000037
06111540000042
02511540000017
03211740000011
10611700000106
01111640000034
08411740000051
04211840000024
10211700000111
03211640000096
02111540000151
02411640000175
05211840000081
02211840000097
05211540000104
09111640000013
02211745000001
03411640000049
08211740000064
03211740007002
05111740000115
10111510000089
07111840000038
01211840000016
04211840000113
02411540000095
03211840000088
04111440000028
02311740000010
07111840000224
08111540000043
10511800000015
02111840000062
08111740000013
10611700000052
07111740000122
07111645000002
02111740000038
08111840000046
03211540000030
02211840000082
05211840000043
04311740000067
10511600000010
01211740000040
08111540000055
03111840000027
07211540000027
10111710000050
04311440000131
07111440000116
02111740000187
03111840000094
08111440000060
04211841000057
04311840000065
04311640000081
01111640000013
02211840000108
08211840000021
07311840000057
02411440000058
02411640000090
08211540000097
03211740000044
02111840000055
02311840000106
07111640000086
02211646000001
03111740000057
02111840000098
08211640000026
10111800000004
08111640007002
04111740000074
06111740000052
03411540000026
03211740000042
02211640000137
03111640000068
10511600000049
08211840000062
08111840000061
07111240000028
05111540000139
03411540000015
07311640000036
08111740000056
02411540000088
08211540000024
10111810000010
03411640000032
07111840000219
02511840000052
10111810000030
10111510000007
03111740000023
07311740000004
06111640000071
03311840000002
03211540000055
03211740000095
02211540000022
01211840000055
10511800000013
