05211740000052
08211540000111
02211640000049
03211840000101
08211640000075
02411840000131
08211640000090
05111640000117
10211800010014
03211840000043
08111840000047
10211600000038
03311640000074
08211640000072
02111640000054
02511640000090
02211740000098
02211440000147
06211745000021
10211600010002
10511600000091
02211640000168
08111540000089
02211646000029
06111840000045
04211640000028
04311740000064
05211340000085
03111740000124
10111710000045
10511600000092
01111840000068
02111540000038
02211745000018
05111840000036
10511700000058
02411740000104
03111740000007
10111815000058
02111440000069
03211840000005
02411540000028
03211540000013
02511740000090
02311340000092
02111640000183
03111740000067
03211540000052
04311740000098
08311240000137
01211640000016
04111440000064
04311640000122
02411740000106
03111640000144
03211540000103
04411740000008
04411840000053
01211540000036
10511700000078
02411540000081
02211646000008
02511840000057
03111840000119
02111540000107
02111540000071
01311840000008
10211700000047
05211640000105
02111840000085
04311840000072
02311440000060
05211540000054
06211740000041
02311640000050
01311840000086
05211740000066
06211540000086
07211840000015
02111840000162
05211540000121
02211540000007
03211840000048
01311740000043
08211640000068
02411540000087
08111540000060
03111540000152
09111840000135
05211540000116
02211540000080
03111640000097
08211840000025
01311740000001
01211840000057
05211740000044
08111740000057
01211740000069
03211840000022
02511540000073
10211700000078
10211700000008
03311440000028
02211646000051
04311540000124
02211740000090
02311740000062
03211540000026
08211740000071
10111710000079
08211840000049
06211740000037
08211840000072
05211540000062
05211840000126
04311840000094
08211640000073
08111840000022
05111840000058
08111840000052
03311340000058
02211840000144
10211800010008
10211800000049
02411840000139
07111440000045
02511540000006
06211540000070
04311540000003
03411840000014
06111840000016
10211600000089
02511640000031
02111440000067
05111840000162
05111740000040
02411640000064
02311345000016
02111340000010
10311700000014
04311640000016
02311740000020
06211540000049
02111840000155
07111840000109
05111740000024
04211745000005
04311840000092
10611800000036
07111540000063
02311540000047
03311740000075
08211640000060
01111740000055
07111740000107
07111840000087
08211640000052
02311840000124
04211640000080
07111840000124
10311600010035
03311540000082
07211840000007
01211540000118
02111240000109
03211840000099
08311540000042
01211640000032
02111340000193
07111840000163
10111810000032
08211540000088
07211740000019
02111740000169
02311640000142
05111540000028
01111840000096
02511840000117
07111840000117
02411840000057
08411640000056
03211640000037
08411840000021
10311800000034
05111840000118
09111340000004
05111840000062
02211840000073
01211740000024
02211540000138
06111840000004
08211540000033
10211700000003
01211540000111
02111540000165
02211540000098
10511800000025
04211745000024
02111640000124
05111640000024
07111840000081
03211640000077
01211840000050
04211541000052
02411640000193
03411740000044
05211540000120
10211600000025
05111540000071
04211841000053
03111840000107
07111540000014
02111440000102
03211640000070
08311740000034
04211540000084
10111700000050
02111840000019
08311440000089
07111740000083
02411640000211
04311640000091
08411640000012
07311640000028
07311540000015
03111540000153
08111540000001
06211540000013
08111740000006
08111840000036
10211700010019
08311640000066
07111740000085
07311840000031
10211500000121
07111640000062
02111440000133
02111640000118
04311640000038
02111840000131
10611700000087
10111610000004
03411740000004
02311740000120
05111540000051
05211740000103
05211840000076
06111540000005
10411700000105
02311640000059
10511800000047
02211640000097
08111740000078
04311840000097
01211540000059
10111610000074
01211540000024
05111640007004
04211840000086
07211540000005
03411740000009
08511840000007
10311400010010
04211540000011
07111540000117
02411840000059
04211841000007
02111340000099
10211600010007
02211740000135
02111640000163
10211700000031
04311540000090
05111840000153
10411600000022
01111640000009
02311540000098
07111740000066
04211541000045
02311740000090
07311640000003
05311840000024
10211700000126
08211740000057
02311840000043
01211540000041
07311840000019
01211540000110
03211840000113
08311640000088
01211740000039
10211600000027
05111740000060
02211540000040
05211640000073
02411640000113
01111640000018
01111540000018
06111440000032
03311840000073
04311540000014
01211640000124
04211440000055
10211600000059
02111540000148
05111740000084
07111840000047
04311840000093
04311740000088
03411640000070
07311740000006
03411540000057
03111640000007
10611700000075
10211700000010
02511740000070
01211440000110
04311540000008
04311640000017
01211640000077
07311840000049
10211700000105
10511600000047
10511700000055
04311840000006
05311840000017
10611800000087
06211540000054
10111700000108
07111440000043
02411840000158
10111700000005
02411740000044
01111640000025
03111840000158
10311600000089
07111540000086
02311740000075
08411440000003
06111540000002
04211840000105
02211740000003
08411740000007
10411800000017
06211840000014
05111740000189
04211540000077
03411840000013
02211740000142
07111740000036
02111640000076
03411840000011
01111640000048
02111440000164
02111640000184
07311740000025
02211646000004
10411700000080
02111440000106
02311740000056
10311700000010
10111510000068
10411700000062
08211840000044
04211540000021
04311740000049
01211540000015
02411640000136
10411600000004
07111745000059
05311840000010
02111340000061
10211800000020
05111840000089
05111540000096
02111640000067
10211500010008
03411840000015
09111540000062
02211840000057
03111840000036
04211541000029
02411540000026
02111740000168
05111540000011
10211500000092
10211600010034
08411440000036
05111840000052
04211840000082
10111510000078
10211700000127
10611800000012
10511700000048
07111540000031
08211840000030
03411640000026
01211740000065
07111640000010
02111440000009
05111640000095
03311540000081
03111540000147
06111740000070
01111640000086
02311640000119
07211540000018
07211640000032
05111540000021
02111640000190
10211700010015
01211640000072
10211800000018
01111540000027
04211540000047
02411840000040
07111140000116
05111840000109
10211600010027
08111540000085
05111840000145
04211840000114
04211740000007
02111740000140
04311540000106
08211840000068
03411740000027
03311840000068
05111540000157
06111840000100
10311800000022
05311840000034
06111240000062
05111740000194
10211600000007
08311840000012
07311640000014
02111840000110
02211340000108
06111840000040
10611700000008
02411840000200
02311740000024
02411840000168
07311640000009
08311740000012
10611800000018
07211740000044
04311640000053
10111815000023
07111545000031
08411640000034
05211440000122
04311740000028
10111700000072
10211700000064
05211240000048
06211740000085
06211640000078
08111840000016
03211840000031
05111540000012
05111840000136
09111840000105
05111840000044
07311840000051
07111740000104
08211540000092
01111840000097
02411540000019
10211700000023
03311440000021
10511800000026
07211840000028
04311740000008
05111540000176
08211540000066
02111740000043
10311700000029
05211340000060
08211540000004
02311640000107
03111840000142
07111840000128
08511840000005
05111540000171
01111640000085
10111300000062
04311640000071
08411840000045
07111440000169
07111540000065
08211540000107
02211740000052
07311740000031
10211500000073
05111740000066
08311440000137
04311540000030
02311540000079
05111740000156
07311840000008
10511700000031
02411840000154
08311340000125
04211541000017
07311840000025
09111640000061
07211340000047
02111840000107
05111640000141
02411640000073
08111740000025
09111540000072
07211840000064
02411640000051
02411740000088
02111440000078
02411540000103
03111840000039
02111140000126
06211840000084
03211840000093
08111740000018
05111740007006
10211700010026
03411540000030
08211640000008
10211700000070
02111640000002
04311640000019
01211540000026
04311740000025
02311540000080
02311740000035
04111740000056
07111745000006
04211840000007
05111640000126
01211540000108
05311840000033
05211540000093
04311740000093
01111840000055
04211540000018
10211800010029
10311700000005
10611700000049
03111745000037
10111800000013
02411840000092
03411840000025
10211700000048
03111840000133
01211840000024
10111700000042
02311640000090
02111840000132
07211640000025
04211540000020
07211440000005
02411440000053
05111740000119
03411640000011
03411640000019
05311840000009
02211840000014
10511700000040
02311740000044
10611800000050
05111740000096
03111440000050
02111840000153
10311500000009
04311540000024
03311840000088
04311540000011
02511840000110
01211840000059
05211540000004
02411840000186
05111540007001
02211640000143
08311440000002
02211740000038
03411640000059
03211840000059
02311640000089
03111740000005
10111600000079
10211700010027
02311740000041
04111740000083
07111745000037
02111740000097
08111540000028
04211840000091
03311640000002
02211840000140
08211840000026
01211640000022
07111440000096
04211841000017
05111840000017
05111340000158
08311740000049
10211700000032
03211640000101
08411540000009
10611700000031
04311840000037
04111840000051
01111540000034
10311800010031
04311540000081
07311640000048
03211540000071
02411740000191
02111540000015
05111740000129
06111840000012
08311240000073
10311700000092
04311840000067
06111440000016
01111840000024
06111740000076
02211840000094
10311700010012
02111640000162
08511840000004
10211800000030
05111640000038
01211740000048
04211640000091
10311700010029
10211700000043
03111840000035
04311740000040
07211440000019
10211600010003
02111540000085
04211746000018
08511840000050
02111740000066
02411640000111
08311640000094
08211840000083
02211540000001
05211840000024
02411840000073
04211840000023
01111840000006
05111840000110
08211740000076
04111540000095
04311840000077
02411740000091
03311740000053
03411640000016
04311840000070
07111640000009
02411540000099
06111640000123
04211741000037
07111440000048
07211640000022
07111840000176
04311840000049
02411840000041
08211540007005
07311840000042
10211600000085
05111640000151
06111540000048
08311440000125
05111540000056
06111840000039
05111540000049
04311640000026
10311500000087
02411840000130
02511540000127
10111700000035
01111740000052
04311540000075
08511840000053
04211540000054
03311840000089
05111740000078
05111740000193
04311540000136
05111840000144
01111540000028
08311440000128
02111440000057
05111640000076
04211841000018
04311640000080
05111540000090
06211540000005
05111840000087
08411540000002
06111540000044
02311740007001
02411640000172
02111440000162
08111740000040
02411740000094
04311740000107
09111640000058
08111540000040
07211840000039
05311840000035
08111540000041
04311640000065
03311440000068
02111640000069
07311840000009
05111840000043
02211540000101
10111500000128
03111640000089
01111540000001
10311800000010
04111440000083
04111640000012
08311240000110
10611800000013
02311340000101
08211740000013
02311540000113
08211840000096
01111540000074
02411740000112
02311740000091
08111440000049
05211540000151
10111700000102
01111840000071
07111740000040
05111340000162
02111840000173
10211700010040
02311840000082
01111340000064
03311840000061
02411540000040
08111840000026
06211640000100
04311640000103
02311640000033
10611700000028
10111715000035
05111540000155
03411540000010
01211640000103
06111540000022
04311740000062
05311840000044
02111740000134
02111840000041
08111840000087
02111540000004
06211540000011
07311540000027
08411540000012
10211800000027
10111700000018
03411740000005
02411540000004
10211800010018
04311740000043
07111540000001
08311540000073
07311640000027
02411740000038
08311840000019
07211840000030
10511600000061
08211640000014
10111400000059
02411840000155
10211500000120
01211340000053
03411840000046
01211640000011
04311640000093
05111740000116
10611700000073
10311700000097
05111640000053
08411540000048
02111840000156
07211840000005
05111540000083
02411640000163
10211600000064
04211541000047
07111640000087
05111540000089
04211740000047
02111440000163
10211600010020
10211700000009
08211640000082
04211640000113
02211840000017
03111840000048
08111540000103
07211440000004
10211800010001
04211840000005
04211840000123
06211840000060
01211740000020
10511600000020
10111700000085
10211700000056
02411840000197
07111540000155
09111740000066
10311600000031
04311640000020
06111540000081
02311540000073
04311340000135
10311500000107
05311840000045
02111740000077
06211540000039
02411440000016
05111840000079
01211840000098
04311240000120
08311340000086
02111840000078
08211540000016
05111540000016
03311740000063
04311840000068
04311240000003
01111840000074
02111740000185
08111740000033
03111740000025
02411840000021
01211740000077
10211800000068
08311540000011
02211840000089
08211840000038
07111745000068
03211740000049
03311540000041
04311540000023
10111500000022
02311340000135
01111440000092
04311540000087
01211540000091
05111440000054
04211640000075
02311740000082
02411540000038
01211540000006
02211740000060
08211740000069
02211840000044
01211840000076
06211740000100
07111540000110
02211640000036
08111740000087
06211740000092
10311400000056
04211741000036
06211540000107
07111640000124
10611700000019
04211740000026
03311640000025
10611700000089
08311540000077
08311440000116
01211740000092
03411640000042
10211800010012
07111640000151
08411540000003
02111740000086
02111740000034
01111540000097
08211740000023
04211541000037
02211840000046
06111840000085
04311540000091
03211540000049
10111800000030
04311740000101
07111745000027
02411740000071
06111840000084
02311745000036
06111840000036
10111800000029
04311640000120
02411640000147
02111840000003
05111540000059
05111540000151
10211700010033
07111840000012
05111740000074
02211646000032
02111540000145
10111610000062
10311800000011
08211640000022
10211800000077
04211840000102
04311840000088
01111540000088
10311700000049
02411640000125
02111640000121
01211440000089
05111540000163
05311840000043
10311600000073
01111740000088
01111740000054
02211740000030
04211745000027
02111340000046
02111540000080
04211540000005
07211740000018
03311840000065
06211740000042
06211740000026
08211640000092
05111640000086
04111440000007
04311540000103
06111740000049
07111540000072
05211840000086
06111840000048
04211340000091
05111640000112
02111840000082
07111740000106
05311840000032
10211700000074
10211800000021
03111540000081
07311840000001
02411640000104
08411640000057
08211540000003
08211640000009
10211700010007
05211540000061
01211540000086
10311600000003
07111840000067
10311700010014
04211840000060
10311700000095
04311640000036
03111740000092
06211540000119
06111840000056
10311700000028
07111840000015
10111600000005
08211540000067
05111740000149
03211740000053
02311640000115
10611700000040
02211540000139
10211700010043
07111740000020
03411840000010
08211640000081
10211600000022
03311540000074
02111540000082
07111840000082
07111540000056
04311640000029
06111540000066
04311740000112
02211540000003
04311840000004
08511840000026
03211740000098
01111540000077
07111340000041
08411840000048
02411640000072
02411240000100
04311840000007
01111740000059
03411740000018
05311840000041
04311540000071
02111740000106
04211746000024
03211540000064
06111540000032
04211540000078
02211646000046
02411640000159
08311740000105
02411840000046
08511840000047
02411740000185
04211541007001
08411540000042
02411740000156
07311640000052
04311840000041
05111540000026
01111840000033
02311745000033
04211640000064
02211440000037
04211541000021
10211600010012
09111840000073
04311540000120
03111745000029
08511840000051
02111640000055
03411740000015
06211840000097
05211440000048
07111540000032
07211440000021
01211540000088
06211840000052
10211600010013
08211640000093
03111540000111
10111700000066
10211600000074
02511540000033
02311745000024
10311800010021
04211440000042
02411640000066
08111840000025
07111640000102
02411840000192
05211740000014
04311240000042
10511600000032
01111640000077
02111640000207
04311740000032
06211745000027
04311740000023
04311540000067
05311840000027
03211840000079
02411740000133
02111540000188
07111840000090
02211640000124
10211800000047
04311540000128
10611700000060
02411740000006
04211840000103
04111740000047
02111840000067
04311540000080
07311740000030
05311840000018
02111440000186
02411540000033
05211840000001
10111700000081
10111400000136
08511840000038
02111540000047
07311540000002
01111640000054
10111600000008
02211740000109
02311840000075
07311740000041
01211540000035
07311840000020
04211746000016
02511840000098
02311840000094
03311540000024
06211540000068
10211700000045
05211740000049
10111715000002
05111840000046
02411640000053
02411640000042
02211640000142
10611700000029
01211840000041
05311840000004
08111740000077
05111640000057
07111745000081
06111540000101
06111540000053
08211840000091
10411600000023
10311700000072
06111640000081
05111440000140
02411740000007
02411540000032
01111640000045
07311840000069
04311840000120
01211540000003
02511640000012
08211840000045
07111540000134
05111740000141
07111745000007
06111640000001
06211540000033
01111440000038
07211440000044
02311740000100
05311840000006
07111840000171
08211640000011
03111540000004
03111840000127
10211700010030
04311740000033
05111540000085
02511640000143
05211640000160
03211840000032
02311840000128
10111815000064
05111540000035
07211840000066
04211541000044
03311740000051
03311840000069
02211540000145
02511740000059
05211840000002
02411840000082
02411840000084
02411440000117
03311840000062
02411540000091
03311540000030
05111740000144
08411540000037
08111140000097
01211540000047
02311745000003
01111540000005
04311740000085
08411640000033
08111440000045
02111340000042
02411540000074
03211740000072
02311840000062
01111840000007
05211840000100
05211540000091
06211540000075
02111740000113
03311840000043
06111740000064
06111840000017
02311740000031
06111540000116
10211600000116
07211740000029
01111740000025
08311240000055
08411740000033
05311840000020
07311840000018
04311440000136
04111440000051
08111740000032
02411740000183
04211840000125
05111840000063
07311540000012
03311540000038
01111440000102
10411600000054
08211840000033
08311440000085
02111540000143
08111640000043
07111740007001
02211840000143
10211600000069
03411640000039
01111740000023
05211840000023
07311640000025
05111640000044
01211540000050
02111740000121
10211600010037
03311440000016
02411740000188
10311800010036
08411640000059
07211840000023
05211840000061
01111740000093
02211740000127
10111600000094
02411840000102
01111740000016
08411740000064
05111540000159
07211740000042
06211540000089
10211800010023
01111440000072
02111540000092
03111745000007
07111840000010
02311740000018
03111640000082
04311540000101
07311640000055
10211600000055
10211700010003
04311640000125
06211540000103
04211541000002
05311840000046
08411840000009
08211640000064
06211540000129
04111740000089
01111540000108
02111540000023
07211740000026
02111840000018
01111740000046
08311840000021
04211341000042
08111740000001
01211640000057
02311640000015
08411640000039
05111740000032
04211740000013
10111500000133
08211640000079
02311740000050
10211800000035
02311740000102
05111540000162
07311540000010
06111740000097
04311540000039
04311840000081
02111740007001
10211600000083
06111640000068
01211640000007
01111740000010
01211640000038
10111710000066
04311540000013
03411640000066
10311800000003
07211440000037
05211740000085
01111540000003
01111340000099
07111840000011
05211840000060
10111500000143
04211540000062
02111740000174
02111340000162
10611700000098
07111240000016
02311840000020
07111640000166
03111440000092
01111840000036
02111440000007
02111840000036
02111640000037
02411840000157
10211600010016
02411840000088
02111640000109
08411640000071
04211541000028
04311740000080
07211640000040
10411800000065
02111840000157
02411740000052
05111540007005
10611700000017
10111510000046
04311640000010
04311440000048
07111840000238
10211700000100
07211640000041
02111640000103
08511840000037
04211740000039
08211840000069
02111440000176
09111540000038
02411740000076
02211740000007
05111740000127
02411740000171
10611700000092
02411540000092
08111540000077
05111740000133
02111840000115
03411540000017
05111740007002
08311740000059
02411740000129
02411740007002
10111600000043
02511540000120
05111640000008
08111540000010
05211340000102
08211640000041
05111740000124
10611800000057
05111640000125
04211640000004
05111840000138
01211640000048
02311840000101
07111540000078
07111440000026
05111740000016
08211540000068
04211841000002
02311640000068
02411840007001
10511800000073
06211840000089
02111840000148
08211740000079
05211740000001
08211840000074
10611500000090
07311840000041
02311540000053
02411740000023
03411840000012
01211440000024
08211540000055
05111840000027
02311740000069
07311640000019
06211540000101
10111600000002
02111740000057
02311640000012
03311540000061
07111745000051
04211540000035
06211840000015
02311840000093
10211800010006
05111540000045
07311640000043
10411800000068
03111640000045
06111740000012
09111440000045
03311540000043
05211740000126
10511700000011
02211840000025
08111840000030
01211840000101
05111640000097
10211700000121
08111540000013
01211740000042
08211740000058
02211640000121
07111640000070
02111640000003
02111440000008
02411640000082
10111710000001
10111700000070
02211640000076
10311700000058
01211740000049
08111540000111
02411540000051
05311840000031
05311840000025
08211640000047
09111740000071
04211540000070
02111740000081
02111840000053
03311840000096
02311640000104
06211740000071
04311540000129
04311440000123
07311640000057
05311840000026
01211740000073
10211600010025
04211841000008
02111540000055
08311540000075
02111645000043
09111640000080
04311440000100
04211440000089
08211640000035
10111710000004
01211740000090
04111540000025
08211740000025
02411740000180
08111740000026
04211840000004
07111340000181
10611800000059
07111840000149
03111840000121
05111840000117
02111540000124
07211640000027
02111540000132
05311840000028
10211500000011
02211540000029
10111710000082
06111540000036
07311840000053
07311540000026
04211540000043
05111840000099
10211700010034
04211641000029
08311740000054
03111840000045
10611800000001
01111540000014
01111740000003
10611400000079
03211740000010
05111840000045
05111540000168
02211640000173
06211840000043
04111340000039
03411740000006
03311740000072
02411540000008
08511840000036
03311740000082
08411640000015
07311740000024
10111700000055
08511840000003
10411700000009
07311740000022
10211600010031
01211240000106
04211540000057
10611600000081
01211540000005
08411540000027
10411600000068
02311745000023
01111640000040
04111840000083
07111540000091
07311740000023
02411640000215
10111500000116
10611700000104
04211540000072
02511640000050
04311740000094
02411540000084
02111540000166
02411840000188
02311840000016
02411540000086
10111800000001
04211440000053
07111740000039
10111810000013
10411700000004
10411700000106
05111740000185
07311840000046
10611800000066
01211640000012
04211840000006
10211700000026
02111640000205
02511540000001
07311540000020
02511840000065
10211600000075
04311340000098
06111640000046
05211540000147
02111640000185
03111745000044
08111540000004
01111440000034
10111500000073
04311540000060
02111840000042
08311440000097
08511840000052
07111740000143
08211840000012
01211840000086
04111440000073
04211540000073
01211640000104
10111310000054
04211540000008
10211700000091
03411740000047
02411540007004
04311740000069
08111840000063
07111440000084
07111540000138
02111540000161
07111640000012
02311840000056
05311840000015
08111840000043
02411640000004
05111640000129
04311640000083
10111700000069
05111540000050
06111840000003
02111740000138
01111640000083
08311840000048
01211840000090
04311340000037
05111640000121
06111640000098
02511640000061
02411740000181
10211800000064
08211840000032
10311500010043
04311540000076
02411540000057
01211640000101
02311740000060
02111440000054
04211540000007
10111600000106
02211740000110
04311540000147
03211840000064
01111640000036
04311840000005
01111440000095
02111840000139
07311540000001
05111740000183
04211840000078
05111840000034
01211640000071
05211540000126
05111840000091
05311840000038
02511540000036
01211840000040
05311840000019
06111540000056
04311540000018
06211840000026
05111540000024
02411740007003
05111440000150
01211540000113
02211540000048
03311640000091
05111640000048
02311540000057
10411700000074
06111540000004
06211740000109
10511600000073
10311800010028
08411540000017
04311440000080
04111240000027
08111840000054
01211440000052
10111800000027
07111246000031
02211540000106
06111640000010
05111840000095
07311640000002
02111140000077
10211800000059
04211740000022
05211540007003
02411840000123
10511700000069
10611700000062
07211840000076
02111740000037
10611800000078
02211540000130
10211800000033
07111840000182
10211800000034
10611700000046
09111740000051
05111840000102
06211745000011
08411640000006
03411540000054
07311840000048
02411740000157
06111740000044
05311840000042
04311840000126
02311640000114
07111840000220
05111740000153
07211840000075
05311840000040
09111840000005
08511840000019
05111640000162
05311840000001
05111840000016
07111240000143
03111440000083
10211700000112
02311740000110
07311840000022
08311540000111
05111540000046
08111540000056
01211840000105
06211740000032
02111140007003
10311600000076
04311740000004
05111840000078
04311540000095
04211646000010
05311840000047
08511840000006
01111540000056
02111540000049
07111640000040
01111540000093
04211540000037
07111640000165
05311840000036
04311640000043
08511840000040
02111840000008
02311640000066
01211840000003
02111440000035
03111745000025
04211746000013
08411740000009
02311740000101
08411640000052
05111540000154
04311340000110
07211840000053
01111840000010
01111540000059
04211540000040
03111840000103
02311840000048
03311640000093
04211640000015
10211700000120
07211840000057
03411640000045
04111540000080
01111840000092
10311500000042
10611700000037
05111340000116
10211800010032
05111740000163
04311340000128
10411600000039
05111740000056
02411540000073
04211540000089
05311840000011
10211500000090
09111840000095
06111540000117
04211540000034
02111540000167
05111740000038
07111440000165
03411740000048
05111840000113
03411640000008
01111640000002
10111700000058
07111745000067
03311540000056
02111640000080
02211640000083
02311540000028
07111840000170
04311840000085
03111840000122
04111840000068
10611700000109
04211840000041
02411540000096
02411640000188
07311840000026
05311840000007
03411640000056
02211640000012
06111540000003
04211541000041
01211540000089
01111740000026
10111500000091
10211800000043
05111840000108
02511640000063
02411740000163
04211640000105
04311640000025
03111540000086
07311840000056
01111740000079
02211740000124
01111840000004
01211640000099
01211540000066
10211500000012
02311640000127
10211800010024
05111640000176
04311540000056
02411640000181
03111740000131
08211340000004
08411740000041
02311745000056
03111745000054
05111840000035
01211740000032
07311840000002
08311740000035
10111600000021
02411840000187
06111740000090
10211800000057
07111440000100
04311840000063
08411740000021
07111540000038
05111540000105
10111710000092
08511840000028
03311740000011
02411840000047
08311840000067
02411340000110
02111740000130
05311840000016
04211840000030
06211840000025
04311840000028
04311640000066
05111740000184
05111440000183
10611700000071
02211740000023
08311440000031
01211540000106
05211740000077
03311740000064
08211540000118
04211745000022
06211740000107
07311640000001
01111840000001
04211841000028
03111840000084
05211640000159
02411740000061
06111440000092
02211740000037
02411540000022
04211340000063
07111745000023
07311840000058
06111840000011
09111840000143
05311840000005
02311640000112
02411740000087
02511840000105
08211240000010
07111840000046
01111540000017
06111540000084
07111540000034
01111640000016
07311740000008
10311700000008
04211740000015
02411840000094
03311640000067
02111640000014
10211700000083
07311840000029
02411840000080
08211740000091
05111540000007
08511840000054
05211640000102
05211740000101
03211840000100
10111600000014
02411840000174
02111640000053
02311540000084
10211700000108
03111840000100
05111440000060
08411740000044
10211700000092
04211540000039
10611800000034
04311640000076
10511700000063
07111740000081
02411640000043
03411640000031
05111540000123
02411440000131
02411540000049
03211540000111
06111740000103
03411640000063
08211540000103
07311840000021
10211800000015
05211640000066
04311640000094
09111840000016
04311840000132
03411540000027
08411440000027
10211800000074
04211540000003
10411700000055
02311740000105
06111640000085
05211740000142
10111600000026
02111640000033
10611800000049
01211540000065
02511740000084
10311700000022
06111640000135
08211740000088
01211740000004
07211840000037
03211840000046
02411840000191
05111740000015
02111640000091
02411640000177
05311840000021
02411640000027
02211740000017
10511700000024
08411640000066
07111745000025
05111740000192
04311840000038
02211740000116
07111840000119
07211640000023
05311840000008
07111840000123
03211640000086
10311700000064
10511600000077
01111740000062
06211540000121
04311840000034
05111640000106
03311640000071
03111840000053
03311540000071
07211640000026
05211840000062
09111740000001
08111440000083
05111840000057
04311840000047
05111540000114
05111840000083
08311740000015
05111740000132
02411840000132
02311840000035
07311840000066
04211740000059
02211840000103
07111540000017
03411440000006
04211546000014
08411640000026
07111840000181
02311540000021
07211740000005
02311740000032
09111740000099
10211700000025
10211700000062
10211800000036
02411840000012
07311640000020
09111740000068
02211740000120
10211800010003
01211440000037
06111740000010
02111540000094
10211800000072
01211540000067
01211540000051
04311840000115
02111640000022
07211640000016
03311740000044
08311640000071
04311540000108
01111440000054
04111540000075
02411540000052
07311640000032
10311600000066
04111640000070
01111840000025
05211740000030
01111540000090
02411540000063
08211840000048
08311340000163
08111740000037
08411540000004
10211700000099
02311540000111
07211740000047
02211840000083
10111610000045
07211640000015
10511600000028
04111640000063
04311840000019
02111840000159
08211840000066
02311740000079
10611600000103
01211740000080
02411840000033
02511640000001
07111840000202
08111440000075
02211646000020
08311640000074
02411640000099
01111540000052
01111740000053
10411600000017
05211740000121
01111540000016
02411540000125
02311840000067
08411840000056
01111540000070
05311840000037
01211640000076
02311540000061
02111640000062
10611800000071
07311740000035
01111840000005
08311440000067
06111540000027
05111740000014
02211840000096
01111840000066
02211646000005
08511840000055
05111740000004
04211440000019
05111640000089
01211440000025
02311340000075
08211840000042
10611400000067
04111840000014
04311540000058
01211740000066
08411740000020
07311640000004
07111840000223
04311540000068
08111740000070
01111840000084
03311840000097
03111840000055
01211540000117
05311840000029
10111810000059
07111640000072
04311740000096
10511700000029
10411600000083
02311840000015
04211541000004
04311640000063
01211540000082
01211540000017
04111440000087
01111240000089
04311840000122
05311840000002
08411740000060
03411540000042
05311840000022
10411600000030
02311740000026
07311640000013
03211740000062
01111440000031
05111640000068
10411800000046
08311540000094
09111640000112
06111740000032
09111840000093
08311640000013
10211600010032
06111840000075
05111540000042
02511840000130
01311840000010
07111645000081
10411500000067
04311640000100
10111510000051
08411740000035
08111540000081
06111540000049
10611800000046
03311740000043
10111610000012
10111510000077
02511440000132
05211740000137
10411800000084
03211540000113
08211840000034
02511640000110
02211540000146
10611800000053
08111740000021
04211841000055
05211840007003
05211540000005
04311840000058
03311540000025
03111840000135
07111840000023
08111740000088
10311500000067
06111640000014
03211740000043
08311740000020
08311540000006
05211840000033
04211440000001
10311800010024
09111840000112
02311840000113
10311700000045
02211740000114
06311840000057
10111715000023
08411740000016
04311440000110
05211640000001
10611600000053
08311840000025
10611800000029
03111540000060
10311700000099
02511740000037
10311500000097
04211540000038
08111540000021
01311540000065
10511800000043
05211640000075
10111810000049
04311540000127
07111740000035
10611700000020
02111840000064
01311740000002
10611800000042
01211740000026
02111440000015
09111840000015
06111840000022
04211740000067
08311740000076
04211840000097
08111840000044
06111640000067
07111740000058
05211740000021
08111840000073
07111740000084
10611800000056
06111540000001
05211540000154
03111540000066
03311840000060
07211540000034
07111840000226
02511640000025
06311840000005
10411700000075
01311840000013
08111840000074
02511740000086
02111340000074
03111740000011
10111610000038
10211600000009
07211540000025
10311600000040
07111840000022
05211540000148
06311840000056
03311740000055
10311600000033
01311540000027
06211840000077
09111540000035
05211840000139
08211840000059
02211540000156
08311740000074
02411840000141
08111840000051
03211740000025
10611400000073
03211540000089
03311840000023
10311800010010
06111740000031
07111840000155
07111640000105
01311640000044
10411700000037
06111640000091
02411740000105
08311540000125
10111710000078
10611700000072
03211440000051
10111600000003
10611700000005
05211840000034
10511700000025
02111540000079
08211540000008
04311340000024
10211600000053
07211440000039
08111540000105
02311840000038
10211600010010
03111740000042
10311800010015
06211740000021
09111540000071
10311700010033
02111540000193
01211840000070
06311840000031
04211840000093
10311700000011
04311640000042
03311740000029
05211540000129
01311540000013
01211840000023
10611700000110
06211540000098
02211840000110
02111640000161
08311640000059
02111645000005
08111840000058
02111540000032
02311740000113
02411740007001
05211840000132
02211540000085
06111740000056
07111640000146
02111640000066
03211440000036
04311840000086
01111740000006
03311740000048
06111740000074
03311840000075
01311540000008
02511840000090
04311540000034
07111740007004
06111840000095
03211540000054
03311740000046
04211841003042
02311840000059
04311640000106
04311540000110
03311740000021
02111340000128
10411600000056
07211840000010
07211840000068
10311800000042
02411440007003
04211840000033
03311740000084
02511840000121
01311740000016
10611700000015
02311840000071
03311740000013
07111745000080
06111540000062
10411800000028
05211840000147
02411640000143
10211800000003
02411640000075
08111740000086
07111645000024
10511700000020
07111840000154
09111840000108
10211600010023
02511640000037
07111240000188
08311340000170
07111840000029
04211646000002
01111540000045
02111740000051
02211740000138
03311540000093
10111700000031
02111840000030
10611700000083
10211700000086
01311640000055
09111540000037
01311540000053
10411600000043
01211640000040
03211740000002
10211800000006
02111640000078
10611800000079
10611800000081
08111840000095
01111640000021
03311440000091
02311640000056
05211840000119
03211640000114
08111840000032
10211800010020
04211541000006
07111640000044
02211646000012
08111840000066
07111745000052
01211840000056
07211740000030
03211840000115
01211740000016
10211800010017
08111740000065
08311440000063
06211740000031
02511640000105
03111640000112
08311740000109
02211646000030
01211640000009
08311740000011
03311540000021
10611800000011
10311700010025
01311540000007
01311140000045
08211540000023
07111740000144
02111840000167
04311640000054
05211340000147
04211841000045
08311540000104
02111740000124
08411640000062
01311840000044
10411700000030
01211740000052
08311440000019
03211840000017
02511840000015
02211840000026
10311700000076
06111540000075
04311440000119
07111540007002
08311840000055
07111840007003
04311640000032
07111740000025
10111610000024
06211540000082
02411640000144
07111840000189
08411540000001
10211500010037
10411700000029
02211745000010
10411700000096
03311740000081
10311700000020
10311800000012
08411840000031
04311740000050
04311640000078
08311440000035
08111740000060
06311840000049
10111710000076
02111440000048
08111840000065
10111700000078
03311740000010
10411600000075
04211740000037
08211640000016
07211740000034
05111540000102
01211440000034
03311840000063
02511840000101
01211740000094
03211840000066
03311840000084
08311840000039
02111440000118
08111540000037
02111340000178
07211640000020
03311340000003
03211240000066
10411700000016
10411600000112
01211540000125
02411640000060
10311800010029
02111640000018
10111610000085
10111810000037
02411840000153
08311540000029
08111440000023
02111840000190
07111640000109
08111540000102
10311800010002
05211540000006
04311640000005
02111840000171
02411640000044
03311540000020
02111840000049
02111640000004
10111600000095
08211540000115
06111640000011
02511640000069
05211540000146
01311840000085
04211746000030
02511640000024
03211840000074
2116030042
05211840000108
03111840000134
04211741000002
02311840000073
08311440000008
03111745000014
02311540000048
10211700000046
03111740000145
08111740000008
02511740000097
02311740000063
07111840000055
10111810000011
02511840000078
10311700000096
10311700010032
08311540000054
08211840000016
03111745000047
04211740000041
10411800000023
05211840000122
03211840000045
05211140000167
04211740000034
08411640000070
01311140000065
10111310000081
01311740000003
07111740000139
09111640000089
10111810000025
10311700010006
08411740000036
03211640000069
02411840000072
02111840000109
05211740000060
03211840000108
01211840000022
08311540000113
02111740000072
05111740000068
08311740000102
01211840000064
06111740000017
05211740000048
06111640007001
05211640000115
07111740000079
02111440000072
07111840000069
07111540000013
01211840000044
02111840000192
08311740000046
03111740000024
06211540000123
01211840000080
03211640000002
01211840000020
04211541000034
03311640000006
05211840000014
02311540000011
08211840000055
01311740000018
01211540000057
02211640000129
02211740000093
07111440000128
06211640000104
10611300000019
06211740000053
02411540007002
10411600000015
10111815000068
03211740000068
10311800000031
02111640000217
07111640000030
01311740000033
03211840000049
07111540000004
08311440000096
10411800000087
06111740000096
04311640000070
06111840000038
02511640000076
05111540000110
02311740000119
03211440000023
02511540000068
04211741000028
10311700010020
06211740000103
03311540000010
08311740000047
01111440000053
10211800000053
10111710000062
03111840000016
07111645000040
04211740000002
07211340000003
02411640000080
10111510000013
01211740000086
02311640000140
02111840000183
04211841000044
04311740000068
08111740000052
05211740007009
01311740000024
08211640000010
08411740000019
04311740000021
03311540000080
10111600000032
04211840000115
03311740000087
02411840000065
10411800000074
01111840000063
01211840000021
04311740000002
03111840000038
02411640000033
07111240000152
02511440000116
02511840000082
06111640000062
10411800000044
04211840000109
08111740000011
08411740000005
02411840000159
09111740000019
02111840000133
09111840000013
04311740000013
08311540000012
03311740000061
02511640000045
10411700000008
02311840000026
03211740000057
10411800000066
02111740000079
06111540000098
10111710000012
02111740000064
04311540000038
10311800010001
01311840000009
03311440000014
10411800000051
10411800000048
01311740000017
05211740000110
05211440000079
01311840000051
08211840000056
02111740000063
07111640000080
10211800000055
10311500000091
10611700000024
08311840000050
07211740000046
10211700000005
08311340000053
10511700000083
02211840000119
06111540000114
10411600000006
07111840000231
10211700000109
07111740000116
06111740000089
04311840000061
10111410000024
06311840000006
02111640000011
08311440000010
08111840000035
03111440000006
01211840000097
02111440000070
08111540000026
10111810000040
03311240000093
08211740007004
03211840000038
10311600000102
02211740000136
02411740000190
02311740000003
01311840000052
02311640000109
07211840000029
10611700000080
01311840000084
03311740000014
01211740000050
07211840000060
03311740000042
02211840000055
03211840000036
03111740000048
03111740000142
08211340000068
01311840000031
01211540000049
03311740000080
03211640000004
02211640000109
04211541000035
04211640000025
02211840000050
04311540000049
01311740000040
02111840000021
08111540000097
07111740000109
03111640000015
07211640000003
04211540000015
06111740000068
02411740000154
04211841000019
02311540000086
02111740000170
08311840000036
03211540000078
10511500000042
01211540000069
03311540000052
02411540000120
03311540000075
04211646000009
01311840000065
08311740000027
03311840000083
04211741000003
10611600000008
07111840000134
03111740007002
10511700000030
06311840000036
08311740000082
08311640000034
02211540000142
07211540000047
05211340000021
10611800000067
05211540000100
05211740000131
03311740000086
08311640000086
05211840000088
02311840000007
06111740000036
01211840007001
01211740000079
08111740000084
10611600000084
09111740000104
07111745000035
06211540000036
04311840000015
03111640000006
03211540000102
06111840000031
10311800010008
10111610000066
08311440000017
02311740000037
04311540000104
04211740000033
10611700000090
01111540000039
04311740000106
01211840000072
07111740000108
10611800000065
02311745000014
08111840000075
04311740000020
07111640000013
02111740000102
03211840000098
06111840000037
02511540000070
03111640000108
02511640000080
04311640000072
10111710000026
10411600000036
03111840000012
02311640000153
04211541000030
06111540000028
01311740000046
08411540000016
04311840000112
05111540000054
01211840000100
10111800000006
10111700000106
04211745000033
02511740000092
04311540000073
03111745000053
02111540000019
02311540000125
02211840000051
08311540000015
04311640000024
09111540000070
06111740000065
07111840000184
10211700010038
08311540000116
02211840000060
10611600000044
08311440000077
01211340000079
06111640000113
09111740000007
01211840000083
05211740000069
05211440000042
01311540000022
03311540000002
02411740000178
10111800000008
07111440000004
04211540000027
10111710000015
07111640000129
04311540000150
03111740000059
04211746000009
10111710000069
01211840000091
07211640000052
04311740000051
05111640000164
05211440000075
02511540000067
03311640000064
04311540000001
03311540000066
10411600000046
10111815000001
06111240000070
02211540000082
10311700010016
02411840000063
10111610000030
02111340000161
10211600000032
01311840000042
06311840000023
09111540000047
07111745000038
04311640000115
09111640000034
10211700000119
07211740000035
06211340000108
10211700000094
04311540000144
05211840000120
10111815000022
10411700000099
08111840000041
03111640000165
07111840000030
02111840000129
01211540000037
03211740000078
07111640000135
02211646000039
06111840000065
02111840000140
10611800000021
02211740000111
02311840000047
05211740000127
02111640000015
04311840000098
03311540000012
02111740000116
05111140000198
02111840000143
05211540000012
02411540000014
02511840000025
08111840000033
10611500000077
07111840000210
08211640000096
08311440000076
07111540000140
02311640000051
10111710000077
01311840000037
02111640000133
07111840000192
02211640000101
01111540007001
10111610000021
02311840000054
03111540000017
08111540000084
10211800000012
08211540000056
07111540000016
04211841000012
02511840000133
06111540000069
08411740000018
03111745000045
02211740000065
09111840000140
04311840000003
02311745000002
02511840000027
03211740000045
02311745000001
08211640000108
01211640000013
10511800000014
06211740000074
07111840000221
01311540000023
07111840000197
03111540000074
10411600000079
04311840000014
09111540000096
08311640000096
02211540000104
02111340000121
08311540000055
02511640000133
03311840000014
03311540000067
08311740000040
08211540000090
02311740000046
04211740000024
02111640000040
10511400000048
04311240000067
08311740000064
02111340000173
03311640000060
10611600000031
08111840000079
02111640000175
08311440000059
06111640000120
08311640000007
10111810000003
02511640000078
10111710000086
01311840000054
02411540000045
05211840000094
05211540000026
02111540000040
04211740000030
10611700000056
07111740000056
02411840000163
08111240000059
04311440000076
01211640000083
10111410000055
02111645000009
06111740000072
09111540000044
02511840000091
10611800000020
02211840000009
07211440000009
06111540000059
01211640000105
10311800000002
05111340000025
05211740000133
02111540000073
03311640000034
03211440000092
02411540000067
10111810000043
10511800000039
05211440000176
06111540000033
10611700000036
04311840000013
01311840000040
05211740000123
09111540000084
10611800000063
01211740000008
05111740000026
02411640000187
09111840000021
03111840000113
10511600000051
02511640000074
10611800000082
10411600000013
03211540000097
01211540000060
02111540000110
02211840000106
03211640000119
03211740000085
02511840000042
02511840000108
07111440000154
04211541000013
07111840000108
04311640000059
06111740000021
02411840000069
01211840000006
10411800000040
05211840000121
05111840000067
03311740000025
08111540000062
02411840000108
02211840000056
10111710000040
06111740000024
10111510000063
06211540000131
10311500000104
10411700000052
02111640000009
02111640000068
03311840000025
01211840000058
04211840000119
08311440000036
10511700000066
05111540000088
04311540000032
02511740000091
02311840000025
02411540000116
10411700000076
04211841000038
08311540000074
10611700000091
03111740000033
06111840000082
10311500010003
07111740000031
01211640000060
10311700000021
01311140000070
08311340000115
10611800000074
10111710000107
03311540000027
03211840000084
03311540000015
07211640000028
01211540000031
05111440000063
02111840000020
05111740000195
01111840000039
01311540000006
10511700000093
02111840000128
02411640000083
09111740000020
08211840000087
09111840000012
06111440000035
01311540000037
06111440000079
08111740000079
02511740000098
04311540000125
02311640000150
07111240000088
02411540000122
03111840000104
04311840000057
02211740000040
06111540000100
01211840000010
02511640000145
02111640000021
08111840000090
04311840000125
02111540000017
07111740000126
01111640000004
10611800000030
02111540000103
01211740000009
10311800010004
03211540000092
10211800000024
05211640000134
10311500010001
05111740000151
08211540000061
05111740007005
02111440000003
02211840000115
02511540000054
10311700010002
02411640000020
08211540000079
10211500000111
10111610000086
10311500000021
02311640000143
02211540000109
06111640000043
08211640000033
10311700000079
04211841000016
10111700000095
02111440000049
10311700010031
03111745000049
02511840007001
10611700000033
01311840000014
02311740000042
10111700000074
03111745000001
04311540000140
05211840000032
10211600000111
01111540000062
08311340000111
04311740000012
01311340000050
10111715000018
01211640000089
08311440000105
10111810000004
10311700000100
02511140000133
10311800000040
10311500010045
08111440000014
02411640000040
04211840000034
04211840000096
02311745000047
10311600000088
06111740000100
10311600010046
02411840000070
01311140000028
10111815000072
01311540000015
02411840000011
05211740000038
10411800000072
10611700000085
05211540000105
02511740000015
01311540000001
01211440000101
02511540000102
01211640000030
08211740000020
02311240000096
06111640000069
03111540000094
03211540000039
08311740000024
07111540000158
03111540000026
01211740000075
02511740000075
06311840000040
07111840000166
08311840000068
02211540000054
03211540000082
09111540000002
01311540000003
08111740000038
03311740000017
03311540000070
08311640000053
06111140000102
07111640000100
08211540000010
10111710000021
03211840000025
05111540000066
01211540000081
05111440000144
02511840000140
10611700000006
02411740000050
03211840000069
08311740000120
08111540000022
01211840000088
02111840000145
07211540000039
01111540000075
10411700000108
03311740000032
03311740000004
04311740000054
08311740000095
04211740000019
04211640000027
05111840000019
03111840007001
07111840000213
05211840000092
01211540000104
07111740000068
10111510000102
10111800000020
03311540000098
01311740000049
06111740000045
03311840000024
04211640000104
07211540000033
08311340000128
02411540000127
06311840000044
03311740000009
07111340000128
08311540000140
02311740000115
03311840000058
03311540000042
03211740000005
09111840000067
10611800000008
02511740000104
03311740000036
08311440000066
04311740000003
01211440000019
10311700000089
03211640000050
02211840000112
03211540000048
10111510000034
07211540000019
02111840000060
03311340000057
05211340000082
03311540000095
07211540000030
02211540000118
07111640000112
10111600000013
02411840000127
02111340000195
10111810000051
03211440000010
02311340000098
01111440000087
05211740000039
07211840000025
06211740000070
10111815000009
03311640000030
09111840000055
02311640000156
10311700000043
10511800000029
02111840000028
10411700000025
03311740000070
10311800010016
05111840000056
04211541000042
02111640000177
03211740000086
10411700000053
10511800000075
03111540000125
01311540000070
08111440000035
04211840000053
07111640000134
02211840000008
03211540000060
02111640000210
02511640000077
08211740000033
05111740000172
03111440000082
07111840000106
03211840000057
01311540000014
04211540000048
10111700000077
03211440000064
03211440000046
03111240000080
03311540000001
02111740000103
05211840000059
03311740000040
01311740000031
05211840000146
01211740000045
10311700000103
03111640000148
05211740000054
08211540000046
07111440000010
04211746000008
08111540000049
10311800000038
03211540000073
02411640000097
03211840000030
10411700000063
03211640000046
03211840000089
02211745000013
01211840000060
04311640000041
04211840000098
10111715000039
02211646000044
07111740000121
07111840000148
03311540000094
01311840000025
03111840000115
08111840000001
06111440000068
03111840000058
10311500010031
02511540000078
10111800000010
03311540000102
02111740000047
10511700000049
01211840000068
08111740000016
06111540000018
02111740000090
09111740000016
02211540000120
01311540000068
06111540000113
05111540000140
02211540000155
03211840000003
05211440000194
04211541000048
10111510000037
10411600000018
04311140000022
08311440000043
02511640000152
10111700000094
04211640000112
10511600000011
04211440000101
08411540000038
03111840000077
10311500010002
03111645000027
05111740000152
06111840000112
07111440000023
03211640000030
02211540000035
07111840000064
01211740000053
05211440000109
01211540000002
03211440000005
07211840000032
02511440000051
04311340000126
02111540000091
06111740000022
02111740000004
02311840000037
10511600000059
07111840000208
03311840000072
03211440000098
07111440000102
10311400000055
02111540000013
08311440000109
07111540000022
08211840000010
10611700000103
02411840000022
01311140000008
03311540000035
10611700000117
06311840000034
01211640000004
09111840000014
07111540000127
06111740000048
10611800000007
10311700000026
10411700000039
10511700000064
08411840000030
03211740000008
05211440000163
08211540000039
05211540000139
06111540000050
10211500010044
10411600000051
01311340000016
03311840000031
02311640000085
02511640000008
04311840000056
08111740000051
04311840000055
02111640000211
10211700000069
04311640000058
09111640000117
04311240000102
01311540000045
06111640000019
02211646000010
01211640000017
02111640000143
08311640000098
10311500000050
07111840000205
08211740000014
04211540000081
04211840000127
04211840000110
06311840000022
02111740000196
03311540000084
05211840000031
05211540000073
10111410000027
08311540000018
10311600000037
02411640000117
05111640000182
02311840000120
03211440000070
03111540000129
01311840000083
10111510000015
10311800010005
08311740000030
01311640000057
07111440000022
02111540000065
03311840000049
02111740000129
10411800000050
07211340000044
10211800000042
05211540000035
10211500010014
10311800010026
02311540000118
05211640000048
02311840000116
05211540000010
03311640000050
06211840000050
06111740000042
10311700000074
10511700000086
08111740000081
07211840000044
04211641000040
05111740000159
01311540000066
02111540000058
03311840000086
02311540000096
10611500000106
06111640000110
05211540000131
04211640000001
10411800000012
10411600000065
08111840000004
10411700000083
09111640000075
05211540000149
08311840000026
07211640000004
07111540000040
06111640000086
03111640000054
03311540007001
10211500010022
08411840000041
10211600000017
04311440000112
08111740000046
05211240000040
03111540000035
08311540000119
03311540000079
03211840000087
03111740000083
04311840000043
10111815000074
07211740000011
08311740000122
02511840000016
04311640000109
05211840000123
01311340000010
06111840000078
10211800000061
02111740000013
02111840000119
02111340000084
07111840000054
06111440000096
04311540000042
01211540000007
02311740000015
06111640000093
04211541000050
08111540000061
01311740000015
03311840000054
02511840000017
10411800000064
03211840000065
02511640000009
08211540000036
10311800000015
04311840000052
02311540000015
03311740000085
05111540000167
02111640000095
02411640000137
10111815000034
10311700000104
02511840000056
02311840000063
04211741000021
06311840000015
10311700000098
05211540000088
02411540000059
10211500000026
10311700000009
08111740000027
03311740000065
01311540000004
08311840000018
10111500000121
06111540000089
01311540000026
03311840000051
05211740000117
05211840000071
01311740000019
01311840000053
04211440000071
05211340000088
05111840000146
09111840000114
06111840000090
04211840000027
07111640000075
02111340000179
02511840000040
05211840000047
10311700000069
07211840000043
05111540000148
02111440000060
03211640000032
02411740000100
10611700000011
08111840000013
02111440000071
07111440000151
08311640000069
01311540000030
01211840000007
02511440000016
08211740000070
08211740000052
10211300000024
04211541000053
07111840000146
05111440000160
02311440000112
01211540000101
07111740000070
06111540000073
03211840000111
10311700000102
03211840000029
03111740000120
07211840000031
05111740000034
08211840000076
08111540000003
10211800000016
06311840000007
08311440000090
02211540000026
02211840000007
02211646000007
07111440000145
07111540000060
07111840000136
02411840000107
05111840000018
05111540000006
06111740000106
04211840000046
02111740000200
10111710000097
10111510000098
08311640000093
03211440000061
08211840000011
10311700000086
08311340000129
10611700000039
04211640000087
02111740000094
06111640000065
06111740000073
10311500010028
01211740000019
07111740000028
08311540000041
02111640000176
08311740000088
10111710000030
03311540000060
07211640000012
05211640000052
02111540000123
02411440000017
03211740000023
05111740000055
07111540000156
01311540000071
01211540000044
08311540000035
07211640000030
08311540000123
01311540000054
10411600000071
06311840000002
07111540000006
02211840000069
01211640000003
05111740000135
08211740000008
07111740000026
01311840000060
03211440000056
01211740000025
10111815000069
03211640000080
02411540007001
08111640000086
06111840000032
08111840000015
10511600000031
02311640000054
03111840000130
10211700000053
01111540000013
08111540000076
02511840000026
10111815000050
07111745000053
09111540000077
08311840000056
03111745000046
04311840000069
06111540000031
10611700000116
03111740000093
07111740000130
06211740000034
02111740000055
08411840000032
02511740000066
02311745000022
10111815000063
10111600000031
01311540000035
03311440000046
10411500000081
09111640000091
01311840000069
04311640000035
10111815000017
01311740000004
02111340000108
02111540000021
02111640000046
10311700010024
02511640000003
10611700000021
10311700010028
06111740000066
01111840000028
08411540000026
01111740000014
05211840000073
03211840000097
03211540000011
04311740000092
02311745000008
04311640000012
04311540000089
02411740000047
10111610000013
03311540000064
08311540000040
05111740000087
10311800000008
07111840000227
10111410000030
07111540000147
05211740000017
08311640000017
01311740000030
10311700000006
02211840000111
10111510000110
03311540000004
05211840000124
06311840000001
04211840000101
01311740000022
09111540000039
04211546000018
04311840000036
10411600000045
01311840000033
02411840000013
03311840000067
03311740000054
09111840000136
02111540000179
03111440000127
04211840000049
10411800000089
08311340000135
06311840000004
01211840000039
05211340000150
02111840000099
10411800000054
01211540000028
10111510000030
02111540000168
02111640000220
02111740000202
10311700000040
10111810000064
07111840000116
10611800000055
10411700000081
10411700000028
01211540000074
04211841000027
08111540000011
08311140000067
05211440000081
05211640000132
08211740000031
02111645000053
02411840000147
08311440000045
10611700000014
02111640000024
02111540000177
03311740000092
03111740000047
