08411540000032
03111840000128
08311740000055
02111645000059
03211740000096
02111740000167
08111740000007
10611600000082
08311540000065
01311340000036
10111700000096
02511840000114
04311540000069
07211540000011
06211840000017
03311840000078
02311740000048
07111540000111
05111640000018
08211840000086
03311740000050
05211540000133
01211840000082
01111540000037
02211640007001
02111840000048
10111700000104
05211540000076
04311740000063
08211540000110
10111810000015
06111640000015
10111815000018
08311640000024
04311640000022
04211641000024
05111640000055
03311440000003
06311840000059
02211745000022
02211745000019
03211840000118
02311840000008
02311840000117
10611700000101
03211640000081
07211640000042
02511740000050
06111440000022
02411840000086
10111610000044
08111770010007
08311140000127
02111540000050
08311440000086
10311500010020
06111440000086
08211740000092
01311540000083
10111810000055
02411640000210
02411640000037
07111640000008
07111840000101
10411600000002
10411700000085
02211440000049
02111540000051
02411640000191
10311700000044
01211740000071
04211541000040
04311740000039
01211840000038
10311800010012
09111840000054
07111540000141
06211540000059
01211640000021
10111700000086
05111540000022
10411700000091
04311740000038
06111740000002
08311440000117
02211840007003
05111840007001
02411740000127
10111510000099
09111740000029
02111840000031
02111340000080
02111040000128
04311640000098
02111645000065
02211840000085
04311640000048
01111440000066
10411700000098
05211540000025
06111440000093
07211740000031
04211841000050
09111640000083
08311640000084
07111640000156
07111840000077
03211640000089
03311540000048
05111840000130
03311840000064
05211740000023
08211840000015
02311540000101
03211540000108
06111540000079
08111640000075
07111440000024
02411740000077
03311640000055
06211740000054
01311840000081
03211540000088
02511740000031
02311240000062
10111515000020
06211840000018
02211646000037
03111540000103
02111240000132
02111740000139
07111440000082
08311640000039
06111640000013
07111540000101
08311540000014
02311640000076
01211540000022
05211740000008
10311500000047
07111440000186
02511740000052
08111840000057
05211740000100
10311700000070
04211840000045
10111410000072
10111410000036
09111640000116
01111540000073
07111840000198
01211740000014
07111840000042
05211640000054
03211440000095
04311740000076
01311540000051
02511840000046
04211740000021
08311340000042
08311540000023
04211640000086
05211740000095
02311540000023
09111740000065
01311840000012
08311740000031
02211640000060
06111740000055
01211540000009
07211440000007
01211540000046
02111840000178
02511540000021
10311700000055
02111540000173
02211640000120
03311640000068
07111740000127
05211540000068
07111840000028
05211840000097
05211840000054
08211740000043
03311640000048
01311840000078
07111840000122
03111840000017
10111810000017
02211640000166
10111815000062
02311540000033
01111140000028
06311840000017
03311740000030
02111540000078
08411840000064
04211840000061
05111540000043
05211840000118
02511840000106
03211540000050
02511540000133
02211640000075
10311800000037
04211540000030
04311840000050
03311640000059
10611800000037
02111840000117
01211840000009
01311540000049
04211841000023
02511840000004
07111540000059
07111740000004
10211600000011
10611800000014
01111840000088
08311340000070
10411600000090
02411840000124
10111810000039
10611800000048
10311800010034
08311440000033
03311740000023
03311540000072
02511740000047
02511740000044
02511540000097
01311740000064
10211400000023
04311240000005
03111745000005
08311540000114
10611700000025
10411800000003
10111610000070
03311740000066
08411540000043
05211840000075
10611800000033
04211440000066
02511740000085
05211540000015
02411540000102
05211840000052
07211840000055
05211540000145
03111640000086
08411840000005
10611700000114
07211840000019
06111840000094
01211540000087
08111840000089
05211440000102
06311840000024
07211540000043
10211800000025
10111810000061
01211740000018
02411440000113
02311740000103
10311700000078
02411640000126
01211640000053
02111640000216
10611800000028
07111540000118
02211640000125
05211440000137
08211540000117
05211840000074
02511540000004
02211740000084
03211840000106
10611700000004
10411600000069
03111840000065
02311840000072
10411800000029
10211600000126
05211740000088
10311500000041
08311540000050
10111610000028
10111815000013
08311840000038
07111540000047
04211841000010
08311840000065
02511740000027
07111540000062
07111840000111
03211840000095
03311540000088
03311740000022
03111740000126
07211840000045
07111745000065
10111710000096
05211440000024
10111710000071
08411640000063
10111510000049
01111540000002
08211640000021
02211740000119
10211500000044
01111640000061
08311840000031
03411740000056
02411840000143
08211840000005
05211540000014
10411700000002
04411840000003
01311840000063
02411540000093
04111140000063
08211540000009
03111540000003
02411540000048
01111840000091
02211740000129
04311640000073
04411540000047
02211540000089
02211640000132
10411600000082
01111740000008
10111400000140
08411640000064
10411800000010
02411840000152
08311740000119
10211700010036
10211700010020
07111840000236
05111440000099
07111840000059
10211800000037
02411840000117
01211540000100
04111540000045
02111340000007
08211540007002
10211700000055
02411740000012
02111740000050
02411840000099
01311740000026
04111540000079
05211540000056
01311840000017
01111540000026
06111840000089
03211840000034
05211840000006
02511840000039
01311740000009
06111640000133
07311740007005
08411740000003
02311540000076
10211500000067
02411840000038
02411840000193
02311740000129
04211840000107
05111740000182
07111540000098
01111240000098
02211840000010
04111740000068
08211740000094
02111740000015
01311840000066
08211840000097
10311600000052
10511700000032
05111840000097
01311740000060
01111640000038
04311540000148
04211840000021
02211840000061
10111800000036
04411540000048
04411740000035
01311840000058
07311640000017
04111540000056
02511840000032
01111640000020
02411440000024
02311840000122
03111740000096
01311540000028
03211740000026
04411640000020
04311740000099
01111840000034
08411840000055
02211540000096
10211700000017
07211840000021
04111740000045
08211840000093
10111800000014
06111240000063
09111740000048
05211740000057
10311800000019
04311740000097
06111840000106
06111840000029
02411840000199
09111540000081
01211440000022
05111740000047
08311340000065
02111740000007
10211600010014
07211840000051
01311840000035
04211841000034
08411840000063
02111640000059
07111840000092
06111840000013
06111840000070
03111640000004
01211440000064
07111540000043
08211640000034
04211840000043
01211540000063
01311540000073
08211840000092
04411740000033
10111810000069
01111840000051
01211840000042
04211840000120
05111140000117
02111640000106
06111740007002
07111840000053
10411600000049
01111540000049
04411340000045
07111840000025
02111440000013
04111840000042
02411740000103
02211840000122
02411640000185
01211640000087
04211741000030
01311540000016
06111440000094
02411640000146
01311740000034
05211540000027
10411600000085
01211440000112
06111440000066
05111540000029
02211740000016
07111740000007
09111740000067
08311740000067
01311540000024
09111740000028
01311740000044
07311840000064
01111540000030
10111800000025
01111540000057
04211646000015
04211745000007
08311540000034
08411640000023
02211540000113
02211840000117
02211540000014
08411840000017
04411140000029
01211840000089
02111640000049
07111740000012
10511800000069
04211541000024
04211840000019
06111640000031
04411340000017
03111740000032
04311740000045
04211740000023
05211840000013
08211740007001
04311840000116
08211540000102
02111440000002
01311740000005
10111600000065
03211540000110
02411640000078
02111740000093
09111640000017
04311640000117
04311640000013
10211700000011
08311540000061
01211740000063
06111740000028
02111240007001
06111540000009
10211700000065
05311840000013
07211840000052
02211740000042
02511640000085
04111740000067
06111640000064
08311440000051
06111540000054
03111440000147
04311540000026
04211740000070
02211646000047
06111840000021
04111440000090
04211840000018
05211540000083
02211840000006
06111840000020
10211700010004
02211440000156
01111840000075
04211841000049
06111740000005
07111440000133
01111840000104
07211540000028
07111540000041
02411540000046
05111640000147
03311740000033
04111440000041
04311840000022
09111840000089
03411740000008
03111640000090
07211540000006
07111740000105
04111240000072
04211745000013
07111740000123
09111840000083
10511800000077
08111440000084
01211740000041
02111840000170
08211840000089
07111440000181
08211840000065
05211840000131
04311740000009
02411840000004
02111440000135
02211640000063
02211740000013
06111640000075
07111640000149
07311540000018
01111640000012
04211440000013
09111640000046
01311740000021
01111840000009
02211540000059
02211840000123
06111540000105
01111740000049
08211540000078
10511700000034
02411640000012
07111540000018
08311840000047
09111740000089
02111640000100
07311540000006
04211540000044
02111640000042
08211540000021
09111840000149
07111445000014
04311540000121
04311840000078
05111740000150
10211600010041
01211540000107
04111740000062
09111840000009
05211740000034
02411540000050
10211500000036
06211740000104
05211840000087
07111640000022
10111800000015
02411840000105
01311740000035
02111840000063
02311640000087
07111740000087
04111840000021
01111840000049
02111640000016
04211340000068
02211640000089
04211540000055
02211840000118
06111540000012
01111740000057
04111840000023
04111840000073
02311340000138
02311240000098
01311740000045
02111540000159
05211440000118
02211540000032
07111540000064
01111540000036
03111840000040
10211800010005
07111140000153
03211840000035
01111640000032
06111540000058
02211640000178
01211840000028
08311340000188
08411840000053
02311640000060
10111600000084
01111340000032
05111740000072
04211741000023
01211840000075
07111740000124
04111440007002
10211700000098
05211540000081
08211640000098
07311840000016
01311640000028
09111340000031
03311540000073
08311440000027
01111640000023
08211540000095
02111840000103
09111840000131
05111740000052
02511540000086
04211841000036
08211740000085
10411800000035
08311740000043
04111640000074
05211540000128
02111740000100
10211800010025
06211840000033
09111540000016
01111640000005
01111840000043
03211640000104
04311840000113
01311840000048
02311740000108
02411340000146
08411440000032
10111800000017
06111440000106
06111540000107
06111840000044
01111840000026
04311840000021
10211600010038
02211745000006
02511740000051
03211740000075
10211600010018
05211540007001
10511700000007
08411740000034
04211840000001
04311540000113
03111540000024
04311840000060
07111740000017
06111540000021
04111240000101
03411540000037
01111840000077
02211140000161
10211600000086
08211740000097
10311700000060
10311800000023
05211840000009
01111840000098
07311640000010
08211840000088
04211540000002
07111840000062
02511740000063
10111600000059
07111540000011
07111440000157
10111700000067
10311600000062
10511800000050
07111640000026
08311540000005
10211700000106
01211840000019
03211440000006
01111540000111
08211840000024
05211540000103
01111440000017
04211741000015
07111540007006
03411740007008
07111640000128
04311640000118
01211440000099
02411740000155
04411540000021
04411740000023
01111840000048
02311740000094
08211540000063
03211540000068
04311140000058
01311640000064
02111740000098
01111440000022
05211840000064
02411640000206
02211540000117
02411740000139
07311840000014
05111640000083
04111840000077
01311840000079
02211740000074
07111840000168
10211700000117
06111540000083
07111740000069
10311600000048
01111240000012
05211540000066
02411640000170
02111840000010
09111740000094
07111840000093
05211740000003
04211440000072
04111740000031
01111740000005
08211640000012
09111640000021
05211640000103
04111540000052
06211540000127
01111140000076
01111840000019
04211840000080
02411640000121
04111340000079
02311745000035
04111640000075
04211840000118
02311840000060
02111840000151
02111540000139
09111740000057
07211740000016
07111440000003
10511600000016
02211740000051
02411840000090
04311840000074
03111540000047
08211840000071
10211500000018
02411740000130
10211700000090
02311840000078
09111740000107
03211740000073
02211740000070
10411800000039
01111840000016
01211840000032
02111540000120
04211440000012
04211740000057
04311840000024
10411700000094
03311640000090
02111540000097
02411740000084
04111640000066
01111740000047
02211540000023
08211640000087
10211700000020
04211640000049
10111810000068
04411440000043
09111740000049
02511540000136
02411440000033
08411740000056
07311840000015
10111700000061
01111640000063
10511800000021
04411440000031
01111640000017
02411740000083
07111440000162
02211840000030
04111740000072
06111640000092
07211440000022
04411840000012
08211740000045
02111840000123
02511540000103
06111540000094
01311840000072
10211700000049
08111740000005
01211840000008
06111840000077
10211700000115
10111700000010
06111740000027
03411740000021
10111700000004
02211740000128
05211740000032
07111540000023
05211240000118
10111700000032
03111640000110
01111640000071
08111840000005
02111440000174
07111540007001
08111740000061
02411840000177
02111640000090
08211840000039
02111540000196
04211740000031
09111740000086
10111600000068
02111840000165
10211700010002
05111840000160
06211540000080
10111600000040
04311640000105
07111745000058
07111740000131
06211840000027
02111840000152
10511600000062
02311540000085
04211541000014
02511640000058
10211800010015
04311840000023
10211500000101
10111810000045
05211840000143
08311740000087
04111440000055
01311840000016
04211541000015
04211840000069
07211340000046
02511540000113
02211840000059
09111540000008
01111840000017
09111640000092
02411740000086
05211440000035
01211740000056
02511840000139
07111440000180
04311840000035
02511840000071
04411640000043
02211640000126
04111840000076
04311540000141
04211540000006
02111645000011
01111640000043
02211740000014
09111740000032
10311700010023
04211741000008
02311840000074
04211640000116
04311640000082
08211740000055
05211540000030
10211700000085
10111700000033
03211740000083
02211646000021
01211540000116
03111745000035
05311840000039
10211700010013
02411540000128
04111840000020
09111540000097
09111740000063
02211540000015
08411640000029
02511740000100
09111540000043
02111840000120
06111840000043
08211540000059
08411840000003
04111840000022
08211840000054
01211740000031
07111840000179
07111540000042
02111840000179
01211640000113
07211540000009
02411640000127
10511800000028
07311840000017
02311640000093
06111840000101
04111340000024
02411740000158
10111700000059
04311440000106
05111840000049
09111640000056
04111640000016
04211840000039
03411640000002
02211640000016
06211745000033
07111640000018
10211800000066
02111840000046
01211540000068
07311840000052
10211800000069
08211640000051
01311340000052
01111840000080
06111440000012
09111640000114
02511840000120
05111540000135
07111540000114
05211540000072
02111640000187
10511700000038
07111840000007
01111740000011
06111740000029
02111140000061
03311740000091
04111840000039
05211740007006
02311640000134
02111840000097
07111540000130
06111540000092
01111640000030
08211840000098
01111840000008
09111840000097
02411640000154
04211541000026
04211840000028
09111540000012
03211740000054
03311840000070
06111540000068
08211440000025
05211540000055
02411740000153
05311840000048
10211800010011
07111540000112
10311800010027
02411240000040
08111740000083
07111840000074
01111840000018
06111840000030
03311840000048
02111740000101
02111640000125
06111740000011
05211540000092
10211600010045
04211540000061
04211740000017
03211640000126
04111540000060
02511640000075
02211740000088
10111600000070
01111440000079
04311540000031
02511740000025
02111540000192
09111840000030
04211540000052
03411740000003
01111840000060
02211840007001
03111740000018
01111540000071
04411840000038
02411840000064
04111740000071
10211800010016
08411640000018
02211540000005
02111840000071
01211540000029
04111740000051
05211740000097
03111840000069
02111540000048
09111640000103
01311540000046
04311740000072
02111340000008
07111840000099
02411540000009
01311740000013
07111840000051
01311740000056
02311540000119
01111840000073
04111840000061
02211540000057
01111340000011
03311640000052
02411640000063
03211740000039
05211840000115
10211700000107
02111645000057
05211740007001
04411640000005
01211740000055
01111740000043
04111740000029
04211741000020
02511840000038
03311540000065
09111740000018
04211545000018
01311740000023
06111640000005
01111740000056
07111540007005
02111740000075
04311540000131
07111540000028
02411340000173
08211540000011
10211500000118
08211840000029
03411840000027
04311740000114
01311840000061
10311700000038
04411840000011
06211840000058
01311540000062
08411340000016
03211840000110
07111740000071
07111740000050
10311700000003
02511740000054
07111440000073
04111740000075
02211640000080
07311840000037
01311540000041
01111640000047
09111740000112
10111800000038
08211840000100
02411840000101
01111640000055
04311440000108
02211540000141
02111840000079
01211840000027
07111740000074
08211640000032
01211840000084
07311840000013
04211440000007
08411840000020
04211841000046
10211700000029
08211640000020
02511540000022
04211640000096
01211840000066
01111440000091
09111840000098
02211840000075
04111340000006
02211740000112
02411840000098
04211740000076
06211840000028
03211640000103
01211540000056
02211745000015
04411440000041
04111740000011
03211540000093
09111640000054
07311640000045
08411840000029
01111640000059
01211640000080
01311540000056
01111840000100
07111440000078
04111240000095
05211840000068
04111640000038
04111840000036
09111740000075
05211740000037
04211745000018
07111740000051
10111700000054
04311840000048
06111740000057
02211740000144
05211340000033
10311700000106
10211700000004
01311740000061
02211740000146
01111640000056
04211540000069
01211840000062
01111540000035
02311540000081
02511640000081
01111440000027
07211540000021
04211540000053
04311440000098
06111540000057
08111740003001
02111640000215
05211540000046
02111640000036
07111540000154
03211740000071
07111640000097
02411840000195
02211840000145
02111740000152
04111640000018
05211640000077
09111540000094
08111440000082
01111540000007
01211340000013
01211740000072
08111840000078
03111740000054
01311540000011
07111540000143
01211740000034
02311240000118
07111340000120
01311840000015
02211740000130
10211500000122
07111440000091
02211646000009
02411840000161
02311540000025
06111840000072
08211540000113
02211540000047
06211440000103
04211740000060
04211746000002
01311840000049
08411840000058
09111540000054
05211840000072
02411640000124
04111240000082
02211740000021
10211600000076
03311740000094
08311740000029
09111640000043
04211340000026
03111840000120
02111640000165
09111640000028
02111645000019
05211840000056
02311840000034
01111840000037
04111640000015
01211840000065
05111640000144
06111040000075
08411740000027
04111740000065
04111640000054
03111440000116
08111540000104
04311540000116
09111640000071
01311340000077
03211640000117
01111840000087
08111840000072
04411640000045
07211740000021
04311740000102
04311740000071
04111540000020
06111740000030
10511800000030
04311440000018
05111740000042
08311840000009
02111740000087
02211840000105
02111540000083
06111740000105
06111640000116
02211540000055
02111840000104
06111640000126
04311740000061
02511840000093
04311640000092
03411740000033
09111840000085
01211840000014
05311840000030
02411640000084
02211745000009
10411700000072
09111540000079
04111540000009
09111840000070
02211646000016
05111540000104
08211540000022
08411840000016
10311800010014
04311840000073
08311440000065
10211800000005
10411800000015
02311640000137
03111840000145
07111840000175
10511800000042
10511800000064
07211840000038
05211540000003
08311440000053
02211740000077
05111740007003
10211800000041
05211740000080
05211840000055
01111640007001
07111745000034
03111640000052
02311840000064
04311840000101
03411440000027
07111640000140
05211540000031
08311340000168
08211640000002
02211740000048
10111600000051
08211640000043
09111740000037
02111540000009
02111645000047
09111740000082
01311840000074
10311500000060
05111640000136
10511700000061
07211340000011
09111840000100
04311740000036
02211646000025
09111840000127
09111840000122
01111640000095
09111840000038
02211640000169
01111540000068
04311840000095
03411640000009
02111540000090
02411640000055
10111815000032
02311540000075
04111740000035
04311740000042
09111840000064
03311840000021
04211641000034
02311340000087
02111740007002
02111540000077
05211540000041
02411540000076
03211540000075
03311640000087
04411840000025
03211840000094
10211700000034
05111540000177
02211540000111
09111540000076
09111740000074
10211800010031
02211640000008
10211700000040
01211540000052
09111740000096
08311740000007
04311740000006
02111340000133
04211541000003
06111340000088
02511540000057
09111740000024
02111640000020
07111840000052
01211540000048
07311840000071
02311640000105
07211840000020
05211440000187
01111440000015
07111640000125
05211540000094
04311540000105
02111840000047
06111740000059
09111840000029
09111740000076
03211840000028
04211641000021
04111540000091
02211540000018
03111640000003
08211840000085
07111440000170
04211740000050
05211840007005
05111740000011
04111640000027
04411740000012
08211540000084
01111540000079
09111740000054
06111540000103
02111645000024
04311540000112
02111640000132
03211740000087
05211740000129
08211640007001
05111540000013
05111840000088
02411640000035
10111700000098
02211840000137
07111640000106
05111740000089
08211740000051
09111440000041
07111840000172
05211640000076
03211540000045
09111640000074
02311540000090
05211240000039
01111840000072
02111540000172
04111540000069
02111740000117
02411740000140
02411740000175
03311840000055
01311540000075
02111540000125
01211540000038
09111640000051
03311840000090
03211740000059
02311745000017
01111840000027
02211840000132
08111840000019
04111840000078
08211540000001
04111540000032
04211746000006
02111740000058
08411340000036
04111240000086
08411740000004
06211540000021
01211840000046
04111740000010
08311640000021
01111740000021
04111440000066
08211540000034
04311540000046
03111340000057
03311740000038
10211600000090
08211540000020
07111740007002
10211500000113
10111510000069
08211640000057
01111640000046
01111640000010
04111340000085
06111640000118
07111745000044
01111440000088
10111600000044
02211440000152
01111640000042
02211646000034
08211440007003
04111740000008
04211240000088
08311640000027
09111540000020
08111840000048
02511640000093
04111540000008
04111540000083
03111840000067
04111840000048
01111740000013
02411640000169
04311740000018
02111540000053
03111640000013
02111340000136
07311740000005
02111440000128
03411840000038
02111640000208
04211540000088
04311640000089
02111640000116
01211540000073
04311740000095
01111740000015
06111540000076
04111840000018
03411840000004
01111440000064
10511800000083
06111840000109
08311640000008
01211640000046
04211840000002
09111840000134
08411340000058
02411440007004
04311840000059
01311640000026
10111600000067
08211740000047
02111540000140
10211500000007
02311840000033
01111540000025
02411540000023
01111540000041
08211840000070
04211640000051
10211600000104
01311740000042
05111740000029
02111840000111
04411540000013
09111840000062
03311840000044
03211840000014
04311740000053
07311740000013
03411640000027
03111640000155
08311840000024
04111440000053
02411640000168
09111740000080
09111640000004
06111740000080
03211840000015
09111640000064
06111840000104
05211540000112
09111640000072
05211240000145
06111540007001
01311640000051
10211600010008
02211540000103
01311540000029
04211741000006
06111640000111
04211840000099
08211840000018
02211840000086
02411540000112
09111840000115
02211740000072
02111440000058
02411840000134
02211740000113
06111740000054
02311440000079
02411540000100
02111440000001
01311540000047
08311540000016
08311840000022
07111540000083
10211600000098
04111540000001
08311840000003
04211540000085
02411840000190
04311640000039
07211840000034
01211440000095
02111440000116
02211640000088
04111540000037
02411840000005
01311840000077
04311540000050
10111600000029
02111645000062
08311740000023
04211441000031
04111640000098
04211746000015
07111840000138
08311640000042
03411440000036
10311700010011
10211500000112
04211740000065
03311540000058
01311640000034
04311840000096
02211640000062
02211740000087
10211500000086
05211640007001
07111740000134
04111840000071
02211540000095
02411840000175
08211740000046
04211740000018
07111840000141
01311740000011
08311840000064
08111840000020
10411800000075
02211840000078
01311540000031
04411740000027
02411640000036
07111645000031
06111740000041
02511540000082
01111540000015
02211640000064
01311140000037
03211640000092
04111540000026
02111840000086
08311840000053
08211640000086
04311440000114
10411600000100
08411640000060
04211540000026
09111540000100
04411840000002
05111840000008
05211240000028
10411800000019
06211540000037
01211840000035
07311540000003
10211800010009
07111840000113
04311640000033
02111640000168
01111540000012
07111645000074
03411540000024
02111640000005
08411640000016
08411740000006
05211740000107
02111740000069
01111740000069
08411840000004
04111640000051
10211600000100
01311840000018
05111840000007
04111440000067
08411740000017
08311640000029
02211740000096
04311740000005
08211740000084
07311740000017
08411740000057
02111640000064
01111740000018
02311640000008
02311740000014
06211640000053
06111740000063
04211745000023
10211500000038
04211840000081
04111740000022
05111740000021
07111540000122
05211840000083
03111640000098
10111700000053
06111740000098
06111540000108
09111740000046
08211640000058
05211640000081
10211600000079
03111640000119
04211740000042
04211840000059
09111840000052
01111540000099
01311540000010
10511800000044
02511740000024
02111640000096
04211540000033
05211540000042
06211840000091
07111840000086
10511700000047
01111840000020
09111840000139
05211740000083
10211700010011
10111500000132
04111640000029
02211740000076
02411840000176
10211700000018
07111840000228
01311740000051
02211640000162
03111540000037
09111840000063
03211540000040
03211540000072
01111740000095
02211840000099
03111440000017
01211840000063
02411740000119
04111640000028
04311540000015
01111740000089
02511740000042
04211646000008
02111840000044
01111740000065
05111840000006
05211840000129
07111440000072
04411440000005
09111840000042
10311700000067
02111740000192
08211640000076
04311740000058
02111640000119
09111740000109
01111740000077
03211740000014
08111740000064
03111840000059
04311440000009
08311340000144
04211541000033
03211840000092
02111840000084
08411840000065
02211745000012
09111740000045
02311745000020
03111640000163
10111310000093
09111740000005
10511700000006
03211840000112
04111740000016
04211641000042
04211840000126
09111540000030
10211400010010
04211840000031
02211840000141
07111440000087
08311440000120
08111640000061
02411640000059
02411640000009
04111540000038
02411540000018
01111440000071
02511540000099
02311640000152
02211440000009
03111540000130
07111540000019
01111140000055
02311840000130
03411540000034
05211540000036
02111440000172
05211540000110
01111640000050
04111240000108
07111440000016
01211840000095
04211841000025
07111840000203
07111840000084
03111745000023
08211640000006
07111140000025
05211540000078
02211840000029
07111540000071
01111740000044
02211840000047
02111640000186
04111740000054
07311640000007
05211840000063
02111840000051
04211541000027
08211540000041
04311740000059
09111840000057
02111640000138
08411540000044
04111740000024
02111840000127
10411700000087
10411600000111
08211640000071
02211740000069
04411440000010
03411840000041
01211240000078
10311800000007
10211600000029
02511840000086
09111540000051
02111540000128
04211746000023
02211740000022
08211840000080
08111840000062
06111840000069
02311640000146
04411640000026
02311740000107
01111540000021
04111740000055
01311540000058
04211540000017
06111740000062
02511540000064
07111540000096
07211540000017
02411640000139
02511540000025
02411540000118
01111840000062
02111640000079
05111840000050
10211600000016
01311840000073
05211840000011
08111540000002
10211600000115
02111740000023
10111810000047
02111740000176
02211840000128
02211540000092
04111740000036
02111640000097
04411440000009
04211841000051
03211840000016
07311840000050
05211740000035
08111740000009
04211840000042
04311440000091
07111740000042
01111640000092
08311640000055
03111540000002
03211840000063
06111640000076
09111640000020
09111540000049
02211640000072
02211840000091
03211640000107
07311640000034
02111640000137
04311740000001
10111700000105
09111840000138
04111840000059
08411540000033
10111500000129
02511640000102
05211340000153
10111800000031
02511840000081
01211740000013
07211840000042
06111740000025
08311540000062
02211740000082
03111745000015
06111840000063
09111840000129
04411440000008
01111540000085
04211740000073
02411840000039
02411640000047
02511740000072
07111640000029
02111840000124
10211800010021
08211540000031
09111840000123
04111840000058
04311740000103
05211840000144
04111640000031
05311840000023
06111640000037
10111700000026
04211840000055
01111740000091
06211740000055
01111440000013
03411540000011
10211700010046
04311540000138
07111740000086
08311540000095
07111340000167
09111740000091
08411840000026
04411640000007
10111700000024
02311640000151
01211440000085
04311740007002
05211540000059
02511740000023
10211700000068
01211540000079
06111340000113
06111640000103
10511700000071
07111840000034
10411800000026
01211740000030
02111540000046
05111740000101
02111640000072
04111840000045
04211741000027
03311540000078
08211540000105
04311740000060
07111740000100
01111540000102
01111640000007
03311440000086
05211540000060
07211740000006
01311740000063
05111640000171
03311540000077
01111840000061
04311740000115
08311440000104
04311540000016
01311740000037
05111540000115
10411800000057
02411840000003
10411600000114
01211740000058
02111640000130
05211840000112
02111540000099
10111710000064
01211740000028
02211540000070
05211840000010
03111740000045
04111840000062
06111740000071
02211640000119
10111400000151
02411740000107
02111840000146
01111740000070
04311840000131
02511740000004
02511540000123
08211840000006
04111540000077
07111640000027
02111640000019
07211840000071
07111540007003
10211500000069
03211540000107
04111040000028
01111840000059
03111740000016
06211540000060
05211840000109
01111540000051
02211540000093
08411840000028
02211540000077
04211740000055
05211840000077
03111840000132
05111440000132
07311740000014
02211840000127
07111540000150
08211640000050
01211440000097
02211540000078
02211540000004
02411840000020
02111540000153
04211540000086
03111740000037
02211740000009
03411840000024
05211840000117
08211740000077
01111540000086
01311540000019
02211740000073
09111740000085
09111740000031
01211840000029
08211540000005
02211740000010
07311640000023
08211440007001
07111840000199
02211740000028
04211640000102
05111540000116
02211740000063
08311640000046
01211540000096
09111840000051
02111540000142
02211840000015
09111840000031
02211440000056
02111540000180
07111840000091
07111840000230
07111840000024
04211541000036
08211840000078
07111640000141
04311840000100
01111740000030
06211740000063
09111640000010
02211540000042
07311540000025
02211840000129
08211540000119
02111645000015
04211745000028
08111740000091
10411600000108
01111540000063
06111840000027
10211800000019
03111640000055
08211640000023
08211440000082
02511840000031
04111740000082
01111740000073
04111840000070
02111645000049
08411640000037
07211440000051
10311500000062
06111840000071
02211745000002
08411640000055
05211840000113
09111640000109
09111540000078
04111840000064
10211600000026
10311400000089
10211800000048
02511840000118
01211840000030
01311740000007
02211840000002
09111640000069
04211440000068
04311840000025
04311640000124
08311440000024
02111740000088
02511640000041
07111340000144
04211541000043
04111340000070
01111540000004
07111840000072
04311840000042
08311440000049
08211640000103
08211540000093
03111840000093
02211740000015
07111640000014
06111840000028
04111740000069
06111840000058
10211600000008
04411740000001
01211540000011
02511540000118
08111840000085
08211540000077
04211541000051
03211740000079
02111840000163
07111740000111
07311640000033
08411640000031
01211840000103
02211640000176
06111540000010
10211500000002
10111600000061
07311840000067
09111840000147
08411540000049
02211540000009
10211700010017
03311540000014
05111440000096
04111740007004
02411840000151
05311840000012
10211500000005
06111740000102
07111840000115
02211840000011
06211745000001
02311840000024
02111740000085
03111540000057
08211640000063
04211541000038
06211840000067
04411440000006
10411700000082
06211140000043
04411540000028
05211840000145
03211340000098
10211800000026
06211745000006
05211840000012
10211800000065
09111640000063
02311840000081
01111540000069
10211700000059
01311540000063
05211740000096
05111340000138
09111740000111
04111640000048
04311540000077
01211840000001
08411740000040
07111640000041
01211740000067
10111510000026
07111840000214
02111840000009
05111540000062
08211640000030
07111340000171
02111240000157
02211540000025
05111840000154
04311540000145
08411840000050
08211740000016
04111840000033
01111640000074
02111440000142
04411540000022
03211840000067
01111740000067
07311540000014
03211540000086
06111840000111
01211840000087
04411640000031
04111340000073
05111840000147
04311540000070
02411540000013
02411640000156
02211640000161
10111800000002
09111740000053
01111540000106
01211640000114
05211640000019
10311700000002
10311700000066
04411740000040
10211800000010
06111540000047
04111840000019
01211840000004
03211540000085
10311700000027
06111840000042
06111440000085
02111540000119
08411540000057
03111840000075
08411540000060
10311600010043
04111440000072
04111540000039
01111440000024
01111640000096
01111740000029
03111540000114
02211740000071
10611700000084
08211840000095
08311640000073
07111540000076
02111540000095
02411840000048
10111500000067
07211640000051
10311700010021
10311800010013
08311540000046
08311340000187
02111640000209
01111540000109
10511800000068
06111540000071
07111640000006
02511640000006
04211840000112
10311700010027
10211500000124
04111540000092
05211740000099
10111600000069
04111240000089
10111700000008
10111700000045
10411800000061
07211840000013
08311840000030
01311540000042
02111840000083
10111500000140
02311740000116
02111340000119
07311740000019
09111640000038
05111740000088
05211540000013
08311840000029
05111540000146
10311700010010
04211746000025
02411540000030
04111840000012
08311740000099
07211840000050
09111840000025
07111640000078
01211540000076
05211740000118
10211600010043
04111340000057
10311600000099
07211840000012
01311740000039
08311840000001
02411740000046
02311740000033
02511740000055
04211541000020
02111840000056
02211640000134
04311640000137
03211640000121
04211841000054
02511640000022
01111740000036
04411240000017
02311540000026
02111740000062
10311700000015
08311740000116
08211640000017
02211840000138
01111840000099
04211540000087
01311840000062
03411840000036
08111840000017
02511840000096
10511800000054
07111540000081
08211540000030
02511740000108
10411700000058
02411740000001
08311240000004
02511340000022
09111740000002
02211640000144
02511740000080
02511540000024
08311840000046
10511800000005
08311840000069
02211740000066
02411840000169
02111840000175
02411640000128
02511540000063
10311800000036
04311640000004
04111540000082
08111740000044
02211840000136
04211740000052
04211540000016
05111340000041
05111740000160
09111840000074
08311640000070
04311640000068
04111640000082
02511640000109
03111740000085
08411840000007
10211800000076
01311840000087
02411640000179
10111700000023
10211700010024
02111440000010
07211640000006
02511540000049
02211840000074
07211640000007
08311440000071
10611700000088
02511840000135
04211541000022
02111640000060
02411840000044
01311540000040
10211800000001
04211541000039
02511840000074
08211740000074
10111810000002
01311840000046
01111840000047
01311740000053
03111640000150
10511700000092
04111840000013
03111745000002
01111540000009
08111540000098
08511840000029
08111740000045
02311840000041
06211340000102
02111440000171
03311540000011
08211740000078
02311740000017
03411840000026
03111740000031
02211840000139
06111840000009
08511840000001
05111640000078
09111840000053
02311440000102
04411740000034
03111540000154
03211540000051
02311740000012
07111840000158
04111640000053
08311640000009
10311500010040
08311040000195
04111840000040
08311440000106
10111500000011
02411840000061
03411740007006
02311740000114
02211646000017
02111740000022
10111700000092
02411740000176
02311840000112
02111640000127
08311440000042
02511840000009
05111740007007
02411740007008
10511800000040
05111640000041
02411640000213
04411540000025
08311540000057
02511640000026
08111740000029
02411540000114
02311640000081
06111840000073
02211740000137
02111640000008
07111840000125
03111540000080
08111340000076
04111640000073
04411640000036
10611800000062
10311700000051
10211600000024
06211840000042
02311640000032
10111510000043
02311540000058
08411540000059
08411540000018
06211040000046
02411840000085
07111745000024
03311740000034
05211740000128
02511840000035
10211800000054
06211740000075
02411740007006
10111510000061
04111840000052
04211541000009
02511740000021
02511740000026
05211840000110
02111640000038
08311540000128
08311540000080
02111740000183
02111840000118
10311500010033
10311500010017
02111740000171
10611700000057
04211841000031
08311340000009
02411740000005
02111540000042
04111640000069
02311540000100
10611700000068
08311540000033
05211340000183
02411640000069
07311540000022
02111640000206
04211840000013
10611600000100
02311840000123
03111440000030
10211700000058
10411600000078
01311740000047
08211440000005
08111840000012
09111540000022
10111710000037
04211640000030
04311840000130
08111740000014
10111500000083
02511840000092
04411740000044
04311840000031
06211540000077
08111740000036
04311640000110
06111840000023
10611800000006
08311440000001
02111840000017
02111440000190
02411640000087
10311800010011
05111640000190
08211540000109
05211740000104
02411540000039
02411740000137
04311640000113
10211600010001
01111540000080
03111840000032
02211840000093
04111740000087
08111840000086
08411540000052
08411640000004
08311340000035
10411800000021
08311840000061
02111640000198
02311540000060
08111540000075
10211600010028
08111840000081
04111640000089
10111800000022
04211746000004
10511700000004
08311640000023
07311740000018
03111740000004
08111840000050
10311700000073
02111840000045
10111700000003
10311800010025
02411340000134
08211740000018
02311740000045
10411600000107
04111640000085
07211840000046
07111840007002
07111740000055
02311740000111
02311640000141
04111740007002
08311540000124
04311840000008
04111640000061
10411700000092
04211746000022
01111740000078
01111840000107
08111840000080
04211540000093
08411740000008
04211841000048
06111540000006
08311740000051
02311840000044
02311740000106
07111840000114
10611800000026
02411840000114
02411640000134
05111840000022
04311540000107
08211740000066
01111740000080
06211240000099
06111740000016
09111540000101
10211500000130
01311540000005
04211840000014
01311840000056
04111740000080
02111540000020
10511700000015
08111540000045
02111740000143
10111815000043
01111640000060
02111840000135
07311540000021
10611700000093
03411840000006
08511840000021
05211640000120
10311700010019
01211740000001
10511700000050
10111700000012
02211840000102
02111840000015
02211640000046
08311540000001
02511740000019
08311540000131
02411840000016
10211800000067
04111540000084
04111540000088
02311540000001
10511800000071
02311540000091
03111740000143
02211540000084
06111640000058
02411740000073
05211540000080
01111740000022
07211840000056
04111340000080
04411340000042
01111740000039
02311840000077
08311540000024
04211240000098
04111440000009
02411740000055
07211840000062
02311540000055
05211740000091
05111640000186
10611800000044
02411740000097
07111440000150
04311740000052
03111840000004
01311540000081
02311540000068
05111640000100
06211840000040
08311740000052
02111840000005
04111740000084
08111840000018
02311640000118
02311840000085
10611700000035
10411800000013
02111740000042
02111840000100
02411540000106
02311440000009
08211640000094
08111840000031
04411840000018
10211700010006
01311840000055
04311740000086
02411440000116
10511600000052
10211700010032
10311600000034
05111640000020
02311445000037
09111740000033
09111840000049
02411840000036
07111640000154
10511600000076
02511840000008
05111640000085
05111840007002
02211640000070
03311840000029
05111540000040
02311740000095
01311840000024
02111540000169
01311840000067
08111840000010
07211640000031
04211740000001
05111740000044
02311640000016
08511840000015
10511800000082
04111540000053
01311540000043
08311740000010
07311540000011
07211740000043
08311740000091
02311840000111
09111840000084
01211540000124
03111545000010
01211540000025
04111640000044
06211840000092
05211540000099
04111740000060
10311500000080
02311540000009
10511600000074
08411840000019
07111840000098
10211800000022
02111740000001
08411640000017
01111540000050
02411740000002
08211640000013
02211540000083
04211840000122
01311540000050
10511700000060
07211740000009
03211640000061
04411840000020
05111640000154
06111640000018
07111745000054
04211745000016
08111440000093
01111840000053
01311540000009
02411540000083
02311745000034
02111640000170
08211640000059
02211640000047
05111840000137
09111840000117
02411740000168
10611700000100
08311440000083
08311740000077
08311840000015
02111440000107
08311440000140
10311800000009
10311600000081
08311740000092
02211840000063
10111600000006
07111540000024
02511540000026
03111740000009
10411700000059
08311240000149
02411640000108
07211840000072
08411640000022
02311540000051
08311240000180
03111740000030
02111740000128
10611700000051
08311640000100
03111740000133
09111840000047
02111540000010
02111640000071
10411800000071
08111740000073
05211840000069
02411840000060
04111540000018
08111740007003
10111700000089
07211740000007
02511540000110
04311540000063
01311740000067
04111740000021
03111740000094
10611700000102
02111840000125
05211440000196
02311640000005
08411540000023
04211741000011
05211640000100
10511700000010
02411640000025
03111745000051
03311740000041
08211740000054
08311740000121
10511800000011
07311640000041
08111440007001
08211840000057
08311740000070
04111740000037
04211841000020
04111840000079
06211740000106
02511640000129
10311400010021
04111740000041
06111740000026
02211540000050
04111640000001
05211540000009
10611800000092
08311740000115
03111540000109
03111745000003
10211500000041
01111540000008
08411740000028
05111740000046
08111840000040
07111840000233
07211840000077
08311340000174
03111740000121
08311840000005
02511840000006
08111740000024
02111645000020
10311800010003
01111740000042
04411740000003
06211840000094
01311840000026
09111540000028
10311500010010
08111540000091
09111540000001
03311840000076
02311840000040
09111740000077
04311740000011
04211840000063
08111840000039
04111740000077
10111600000090
08111740000015
10311800000033
04111540000023
04111840000063
10111700000016
08111440000070
02111640000120
02111840000013
02211840000076
07311740000011
03411840000043
05211540000023
08111440000015
02411640000057
02511540000028
01311840000022
02311640000064
08311740000111
03411840000053
02511840000034
04211640000107
07111645000006
10211700000014
02411640000061
07111740007003
06111840000024
04211646000013
07111740000115
08311540000093
05211540000096
10311700000030
01111440000041
10111500000098
10611700000047
04311540000045
03411740000034
03111840000044
02511640000020
02111840000158
08111540000087
04111840000043
08311340000140
06211540000050
07211640000037
06111540000055
03111540000058
05111840000085
04211746000031
08311340000133
07111840000178
08111740000058
03411840000005
01311640000045
01111840000021
04111640000010
03111640000042
01311540000018
08311440000044
08411840000002
08111540000059
02511840000001
04311540000036
08111340000080
08311640000077
01111840000082
08111740000047
05111740000146
02311540000012
10211700010001
02111740000122
08111540000042
04211841000013
06111840000025
10311700000050
02311740000086
10111600000033
01311840000019
02311745000015
04111840000075
02511640000029
10311500000094
08311640000081
01111740000002
04211340000056
02211540000037
10111600000102
06111840000067
02111540000154
02111840000177
10611800000061
10311700000039
07311740007004
08311740000009
10311500010048
02311540000008
09111640000036
03411740007001
10211600010036
10611700000043
01311540000044
02211740000081
02111540000029
08311540000129
01111640000049
10111700000087
02411840000034
04111540000065
08311740000096
02511540000075
02411740000101
10311600000016
04411740000049
10511800000016
01311340000072
01311840000071
02411540000062
08311740000048
08111540000096
02511540000071
01111840000067
07111540000046
03311540000047
06211740000077
06211840000086
02511540000132
02311540000027
02311640000039
10311700000087
02311640000094
03111540000052
02411640000091
02411540000101
05111640007001
07111640000108
02411640000017
04211541000016
02111740000052
01211740000083
04211741000029
06211745000003
04111840000065
08311440000018
03111340000067
10611800000075
02411840000077
08111740000072
03311740000074
10611700000018
02111840000122
07111840000216
02311740000034
02111740000195
01111540000042
04411440000038
02211840000126
07111740000044
10411800000034
08211840000007
07111840000147
02511540000002
07111140000106
10411800000030
10511600000055
02311745000027
01111640000080
10311700010040
10511800000060
08111340000036
02311740000122
07111840000173
02411740000114
01211840000031
09111640000029
08211740000026
10111710000093
02511640000010
02211740000034
02111840000068
02111640000107
10411600000061
10211800010034
05111540000117
01311840000006
06111540000082
06211740000087
02111740000119
08111540000027
01111440000029
04111640000008
10411700000014
02411540000108
09111840000020
08111770010024
05111540000166
02111640000006
10311800010009
09111640000045
06211540000122
10311700000052
02411440000006
07211540000042
08111540000094
02511540000012
02511640000032
10411700000006
10411600000012
03311740000073
08511840000018
01311840000064
01111740000031
02411740000036
10311500000014
10211700000072
02511540000065
10111700000019
06111540000070
01311740000052
10211600000056
02411740000109
02111740000154
10311500000071
04111740000018
10311700010034
10411800000069
02411840000164
10511800000018
04211840000015
04311740000015
05211540000107
10411600000020
04211540003041
08111840000029
08111440000034
02111840000096
10411700000064
04311840000117
02311740000083
10211500000008
04111440000018
05111840000115
02111540000106
08111840000011
01111740000076
06111540000014
08111440000033
02111540000056
08411540000029
02311745000018
07311740000015
02311640000131
08511840000020
07111540000109
07111745000045
01111840000078
04211340000039
05211540000045
04211741000033
05111540000107
08111340000066
08311640000078
04111640000039
01311640000071
02411840000058
05211540000051
05211540000077
07111640000111
07311740000010
01211740000060
07111840000150
07111340000162
02511640000038
04211745000036
04211841000047
04211441000024
02411840000014
10311700010008
10111700000101
02511640000086
02411540000021
01111640000033
10111710000110
04211740000074
07111645000050
01311840000003
02311840000013
04111640000013
04211540000065
04111840000089
02211840000031
08211740000011
04211540000014
08111740000054
03211540000042
07111740000088
02311840000065
05111540000120
01311740000006
01111840000044
08511840000032
02411840000129
05211540000113
02511840000088
02111640000061
02411740000126
02111840000014
10511600000086
07211740000010
08411640000041
02111840000149
10111710000067
02511840000050
01311840000043
04211440000103
06211740000076
04111640000094
08211740000019
10311500010029
08411840000044
07111640000117
03111745000022
04211840000117
04111440000003
02511840000067
04311540000079
08511840000043
02511540000122
04111340000066
02211646000040
07111740000023
10611700000099
02511740000006
03211740000035
04211840000100
10311500000083
08211540000029
03211540000053
08211840000063
04111440000021
03111740000069
08111740000002
05111840000004
02111540000181
06111840000079
08311340000184
08311740000017
07111640000091
06111840000107
08311640000019
09111540000006
08111540000083
06211540000102
09111640000078
10611700000048
07111740000061
02511840000084
04411740000036
10211600000039
06211740000101
02111740000002
04211740000048
01111740000096
02311745000029
02111440000166
06111540000013
10111815000038
01311840000068
01211540000018
06211640000113
10211600000054
02211640000130
02111840000141
03111440000093
02111640000085
02211640000104
06211740000078
08211840000046
01111840000105
04111340000061
08511840000033
09111740000030
08311740000026
07111840000232
01311540000034
08311840000006
08411540000063
08411540000008
08311340000143
02111840000037
02311840000127
04311740000082
06211540000052
08311540000058
08411540000061
04211746000007
04111640000007
02111840000057
10311700000110
08411840000034
02411840000087
10111600000037
10611700000010
06111240000016
10311700000016
06111740000050
04211541000031
04211340000043
04311840000127
04111740000070
08311340000179
02411840000145
02311640000020
05111740000082
04211841000003
08411440000031
10611300000015
02111740000012
10111800000005
02111640000111
01111740000024
07111440000015
03111840000066
10111700000080
02311840000036
10511800000009
02511840000100
08111440000012
09111740000081
08311740000098
03111540000045
07311540000008
04211646000012
03111745000034
07211840000047
05211740000059
03211740000009
06211640000092
08411740000015
05211540000136
03311640000024
05111740000065
02111840007001
03411740000022
02511740000045
08411840000018
08111540000068
04211740000069
08311440000114
05111840000003
10611700000119
01311840000059
10511600000089
08111740000082
02311740000073
06111540000088
02111640000058
08311640000051
02511840000044
02311740000109
02411740000152
02311640000042
07111540000144
02411540000119
03211340000058
04211840000083
10111800000007
01111740000048
08311440000072
03411840000016
07211540000020
04111740000076
04211540000079
04111640000060
04411540000042
03111440000004
10311700000071
02311840000079
04211840000047
04211840000084
10311700000041
04311840000029
02111840000016
05111540000039
10311800000016
10211600000001
10411700000086
05111440007002
02111540000043
07111740000038
04211741000022
03111740000034
01211440000006
08311640000087
10511800000027
10211700000101
10111710000095
07211640000013
06211745000026
04211745000011
05211540000109
08411740000029
02311740000027
05111740000035
02511540000056
03411540000050
07211540000048
10411700000057
07211640000046
04211740000043
02111640000082
10311400000018
04311340000034
05111840000020
07211540000014
05211740000087
05211840000105
04111540000070
05111740000177
10411800000004
08111740000043
10611500000112
02111740000073
10411800000014
02211640000102
10311700010007
03111540000063
08111740000071
01111740000032
02411540000098
10211700010042
05211840000066
06211540000057
07111540000058
03311740000039
07111745000029
04411540000030
01211540000090
08311540000144
02111740000199
02511540000092
10111500000003
02311640000111
01311840000005
08111840000070
10111815000019
09111740000026
01311840000080
02411640000034
02411640000208
03411840000017
10311700000059
02111840000161
03111740000118
02511840000033
06111640000004
03111740000136
01111840000003
10211700000024
06211745000022
02311745000028
02411640000107
05211440000146
01111840000012
10211600010050
03111640000091
06211840000034
07111840000056
07111540000007
02411640000132
08211840000036
10111810000019
05111840000126
02511540000031
07211840000065
07111640000047
04111740000053
08111540000033
08111740000010
02511840000113
08511840000031
07111440000112
02411640000031
02111740000036
03111840000102
04211746000010
10211700000054
09111740000090
01111440000048
05211540000052
02411540000027
10111700000038
02511740000057
08311640000080
02311840000129
02311840000092
10311500010007
08411740000012
06111640000055
04111840000017
02511840000097
07211740000013
02511840000068
07211640000055
10311800010018
04211740000003
10411800000037
08311540000017
05111840000100
02111440000055
03111740000068
02311640000067
02111640000047
08111540000057
01311840000050
04111640000088
10611700000038
04311840000091
08111540000109
10411700000104
04311440000102
08411540000005
04311640000018
04211840000108
02411740000159
10111815000065
10211800000038
10611800000015
08211840000013
06211740000083
04311840000030
02511840000007
01211540000085
10111700000049
02411840000116
10311700010004
03311340000038
10311700000101
07111240000021
03211840000071
01311840000034
08311440000039
03411740000036
01111740000074
06211540000041
10511800000070
10111400000124
05211840000067
02211740000145
09111740000039
04211740000011
04111840000038
02111540000160
04211840000052
04211640000039
07111740000120
02211740000043
08211640000113
10111700000107
05211840000035
04111740000081
07211540000001
02411740000066
07211840000022
07211740000008
07111540000126
08411640000021
04211841000001
08311440000134
02511740000068
03311640000022
02111740000193
08111540000092
05111540000094
09111840000006
10311800010017
03111440000122
10311700000007
08211740000086
02311540000044
06211840000024
02311740000013
04211741000018
07111440000198
02111740000108
04211440000074
07211740000049
03111540000131
02111840000061
07311840000012
02311540000092
08411640000025
08311740000118
07111840000177
04111540000097
01311540000061
01311840000020
04111740000039
08211640000062
04211341000018
08111540000050
08311640000079
04311440000029
04211745000037
03411740000037
04211540000059
04211640000090
01311740000025
02311440000029
02111740000188
02311640000037
10411600000055
02311740000084
04211640000005
01211840000051
08311540000060
07111840000066
10111800000026
10311700010015
04111440000011
08311640000050
02311745000006
04311540000054
09111540000073
04111440000046
04111840000047
04111640000042
03411640000033
02511640000035
02111440000112
02111540000061
08311740000032
02311745000026
02311745000052
02311640000072
02111540000011
07211640000008
03211840000024
08111740000076
06211740007002
06111840000099
06111740000018
04211540000041
03411840000052
04211641000011
02311840000021
04211840000124
04111140000032
02111740000197
01311840000027
02311640000019
02111840000189
10511600000023
02311740000036
02411840000079
05111840000107
02311640000148
02111540000176
04211840000058
04111540000019
02411740000062
10611700000082
04211740000054
01111840000041
02511740000022
07311540000019
05211340000128
08111740000012
02411540000024
10411500000016
10411600000035
08311740000016
03311740000031
02111740000179
04211841000014
02311745000051
02411640000007
04111840000029
10111800000021
04311840000009
08211540000018
07311840000065
03311640000073
09111640000008
07311840000068
10211700000084
08511840000042
04211540000010
01311840000023
10611700000013
07211840000018
10211500010046
07111540000039
03111840000153
01111840000046
04211840000070
08211540000053
03111540000142
04111340000012
03211740000097
04111640000002
01111840000081
05211540000150
07211640000044
05111540000128
04211541000010
10511700000079
01211840000005
02111340000147
08411840000043
02511740000041
04111740000073
01311540000064
04111640000072
04311640000074
09111740000056
10311600000015
09111840000041
10311800010007
04111440000082
02411540000089
01211540000071
02411540000017
02511640000027
04211540000045
01111740000027
07111645000004
05211740000134
02211840000134
10311600000054
08111540000044
04211841000005
02511840000047
04211840000094
06111540000064
02511540000117
10511800000065
04111740000057
04211841000052
04111840000088
10311500000078
10311700000084
04211540000074
04111340000038
04311740000073
05111840000148
07111840000057
02311640000046
04111540000055
08411840000046
08111540000063
04111540000096
10311600000085
02211540000051
03211840000116
02511640000128
08311640000063
08111440000092
04111740000088
10111600000072
05111640000013
02111340000034
08311740000104
10211700000016
04211440000026
08311440000108
03411640000036
10411700000093
08311140000093
10511600000015
04211840000008
04411640000009
10411800000049
07111840000021
04211740000032
02211740000118
10511800000066
01211840000037
06111840000010
08111540000066
07111745000062
10311600000084
02511740000009
01311840000075
06211540000076
04111840000066
05211740000047
02111640000154
10311800000035
04211741000026
03111740000051
06111540000011
04211745000001
07311840000028
10311600000045
02411540000002
03111440000008
08111540000064
04211740000064
07111640000144
03211740000038
04211441000037
02111740000021
03111740000077
02411840000015
02411640000046
02411640000056
01111840000040
10111510000008
02111640000145
01111740000090
