08111840007003
10211700010010
07311740000016
01311740000057
07311740000028
10111710000112
02311740000089
06111840000074
03111740000053
04311840000020
04111840000021
07111740000124
10111700000033
04111740000008
01211740000030
08311740000077
03111740000094
02311740000122
10411700000006
06111840000079
04311740000028
10211700010033
10411700000018
04211745000025
10411700000009
04211745000031
08211840000032
10111700000065
01211740000032
07111745000025
10611800000071
10311700000011
06211740000069
08311740000079
04311740000026
03111740000024
06211740000043
10111815000001
10411700000099
10411700000048
10411700000047
08211740000008
01111740000086
2216030065
2214100022
06211740000069
2116100148
4312100042
1116100040
1312100016
04211740000080
1212100070
2513100146
2415100066
3516100021
2115100074
2515100058
3413100179
2415100011
2115030085
2216030065
2216030059
4114100071
04311740000028
2115100031
5215100048
03111740000053
3111100025
2114100050
2711100134
03111740000024
04311740000026
1316030104
2216100035
1116100077
3413100178
